中奖线:[1 1 1 1 1],展示的图标:[[9 0 0] [3 7 9] [3 7 0] [8 20 20] [3 3 3]],中奖图标次数:map[0:1],中奖线得分：0
中奖线:[2 2 2 2 2],展示的图标:[[9 0 0] [3 7 9] [3 7 0] [8 20 20] [3 3 3]],中奖图标次数:map[0:1],中奖线得分：0
中奖线:[0 0 0 0 0],展示的图标:[[9 0 0] [3 7 9] [3 7 0] [8 20 20] [3 3 3]],中奖图标次数:map[9:1],中奖线得分：0
中奖线:[2 1 0 1 2],展示的图标:[[9 0 0] [3 7 9] [3 7 0] [8 20 20] [3 3 3]],中奖图标次数:map[0:1],中奖线得分：0
中奖线:[0 1 2 1 0],展示的图标:[[9 0 0] [3 7 9] [3 7 0] [8 20 20] [3 3 3]],中奖图标次数:map[9:1],中奖线得分：0
中奖线:[1 2 2 2 1],展示的图标:[[9 0 0] [3 7 9] [3 7 0] [8 20 20] [3 3 3]],中奖图标次数:map[0:1],中奖线得分：0
中奖线:[1 0 0 0 1],展示的图标:[[9 0 0] [3 7 9] [3 7 0] [8 20 20] [3 3 3]],中奖图标次数:map[0:1],中奖线得分：0
中奖线:[2 2 1 0 0],展示的图标:[[9 0 0] [3 7 9] [3 7 0] [8 20 20] [3 3 3]],中奖图标次数:map[0:1],中奖线得分：0
中奖线:[0 0 1 2 2],展示的图标:[[9 0 0] [3 7 9] [3 7 0] [8 20 20] [3 3 3]],中奖图标次数:map[9:1],中奖线得分：0
中奖线:[1 0 1 2 1],展示的图标:[[9 0 0] [3 7 9] [3 7 0] [8 20 20] [3 3 3]],中奖图标次数:map[0:1],中奖线得分：0
中奖线:[1 2 1 0 1],展示的图标:[[9 0 0] [3 7 9] [3 7 0] [8 20 20] [3 3 3]],中奖图标次数:map[0:1],中奖线得分：0
中奖线:[2 1 1 1 2],展示的图标:[[9 0 0] [3 7 9] [3 7 0] [8 20 20] [3 3 3]],中奖图标次数:map[0:1],中奖线得分：0
中奖线:[0 1 1 1 0],展示的图标:[[9 0 0] [3 7 9] [3 7 0] [8 20 20] [3 3 3]],中奖图标次数:map[9:1],中奖线得分：0
中奖线:[2 1 2 1 2],展示的图标:[[9 0 0] [3 7 9] [3 7 0] [8 20 20] [3 3 3]],中奖图标次数:map[0:1],中奖线得分：0
中奖线:[0 1 0 1 0],展示的图标:[[9 0 0] [3 7 9] [3 7 0] [8 20 20] [3 3 3]],中奖图标次数:map[9:1],中奖线得分：0
中奖线:[1 1 2 1 1],展示的图标:[[9 0 0] [3 7 9] [3 7 0] [8 20 20] [3 3 3]],中奖图标次数:map[0:1],中奖线得分：0
中奖线:[1 1 0 1 1],展示的图标:[[9 0 0] [3 7 9] [3 7 0] [8 20 20] [3 3 3]],中奖图标次数:map[0:1],中奖线得分：0
中奖线:[2 2 0 2 2],展示的图标:[[9 0 0] [3 7 9] [3 7 0] [8 20 20] [3 3 3]],中奖图标次数:map[0:1],中奖线得分：0
中奖线:[0 0 2 0 0],展示的图标:[[9 0 0] [3 7 9] [3 7 0] [8 20 20] [3 3 3]],中奖图标次数:map[9:1],中奖线得分：0
中奖线:[2 0 0 0 2],展示的图标:[[9 0 0] [3 7 9] [3 7 0] [8 20 20] [3 3 3]],中奖图标次数:map[0:1],中奖线得分：0
中奖线:[0 2 2 2 0],展示的图标:[[9 0 0] [3 7 9] [3 7 0] [8 20 20] [3 3 3]],中奖图标次数:map[9:2],中奖线得分：0
中奖线:[1 0 2 0 1],展示的图标:[[9 0 0] [3 7 9] [3 7 0] [8 20 20] [3 3 3]],中奖图标次数:map[0:1],中奖线得分：0
中奖线:[1 2 0 2 1],展示的图标:[[9 0 0] [3 7 9] [3 7 0] [8 20 20] [3 3 3]],中奖图标次数:map[0:1],中奖线得分：0
中奖线:[2 0 2 0 2],展示的图标:[[9 0 0] [3 7 9] [3 7 0] [8 20 20] [3 3 3]],中奖图标次数:map[0:1],中奖线得分：0
中奖线:[0 2 0 2 0],展示的图标:[[9 0 0] [3 7 9] [3 7 0] [8 20 20] [3 3 3]],中奖图标次数:map[9:2],中奖线得分：0
中奖线:[0 2 1 0 2],展示的图标:[[9 0 0] [3 7 9] [3 7 0] [8 20 20] [3 3 3]],中奖图标次数:map[9:2],中奖线得分：0
中奖线:[2 0 1 2 0],展示的图标:[[9 0 0] [3 7 9] [3 7 0] [8 20 20] [3 3 3]],中奖图标次数:map[0:1],中奖线得分：0
中奖线:[2 0 1 0 2],展示的图标:[[9 0 0] [3 7 9] [3 7 0] [8 20 20] [3 3 3]],中奖图标次数:map[0:1],中奖线得分：0
中奖线:[0 2 1 2 0],展示的图标:[[9 0 0] [3 7 9] [3 7 0] [8 20 20] [3 3 3]],中奖图标次数:map[9:2],中奖线得分：0
中奖线:[0 1 2 2 1],展示的图标:[[9 0 0] [3 7 9] [3 7 0] [8 20 20] [3 3 3]],中奖图标次数:map[9:1],中奖线得分：0
中奖线:[2 1 0 0 1],展示的图标:[[9 0 0] [3 7 9] [3 7 0] [8 20 20] [3 3 3]],中奖图标次数:map[0:1],中奖线得分：0
中奖线:[2 2 0 0 0],展示的图标:[[9 0 0] [3 7 9] [3 7 0] [8 20 20] [3 3 3]],中奖图标次数:map[0:1],中奖线得分：0
中奖线:[0 0 2 2 2],展示的图标:[[9 0 0] [3 7 9] [3 7 0] [8 20 20] [3 3 3]],中奖图标次数:map[9:1],中奖线得分：0
中奖线:[1 2 0 1 0],展示的图标:[[9 0 0] [3 7 9] [3 7 0] [8 20 20] [3 3 3]],中奖图标次数:map[0:1],中奖线得分：0
中奖线:[1 0 2 1 2],展示的图标:[[9 0 0] [3 7 9] [3 7 0] [8 20 20] [3 3 3]],中奖图标次数:map[0:1],中奖线得分：0
中奖线:[2 1 2 1 0],展示的图标:[[9 0 0] [3 7 9] [3 7 0] [8 20 20] [3 3 3]],中奖图标次数:map[0:1],中奖线得分：0
中奖线:[0 1 0 1 2],展示的图标:[[9 0 0] [3 7 9] [3 7 0] [8 20 20] [3 3 3]],中奖图标次数:map[9:1],中奖线得分：0
中奖线:[1 0 0 2 2],展示的图标:[[9 0 0] [3 7 9] [3 7 0] [8 20 20] [3 3 3]],中奖图标次数:map[0:1],中奖线得分：0
中奖线:[2 2 1 1 0],展示的图标:[[9 0 0] [3 7 9] [3 7 0] [8 20 20] [3 3 3]],中奖图标次数:map[0:1],中奖线得分：0
中奖线:[0 0 0 0 0],展示的图标:[[9 0 0] [3 7 9] [3 7 0] [8 20 20] [3 3 3]],中奖图标次数:map[9:1],中奖线得分：0
中奖线:[0 0 1 1 2],展示的图标:[[9 0 0] [3 7 9] [3 7 0] [8 20 20] [3 3 3]],中奖图标次数:map[9:1],中奖线得分：0
中奖线:[0 2 2 2 2],展示的图标:[[9 0 0] [3 7 9] [3 7 0] [8 20 20] [3 3 3]],中奖图标次数:map[9:2],中奖线得分：0
中奖线:[2 0 0 0 0],展示的图标:[[9 0 0] [3 7 9] [3 7 0] [8 20 20] [3 3 3]],中奖图标次数:map[0:1],中奖线得分：0
中奖线:[0 0 0 0 2],展示的图标:[[9 0 0] [3 7 9] [3 7 0] [8 20 20] [3 3 3]],中奖图标次数:map[9:1],中奖线得分：0
中奖线:[2 2 2 2 0],展示的图标:[[9 0 0] [3 7 9] [3 7 0] [8 20 20] [3 3 3]],中奖图标次数:map[0:1],中奖线得分：0
中奖线:[1 2 1 2 1],展示的图标:[[9 0 0] [3 7 9] [3 7 0] [8 20 20] [3 3 3]],中奖图标次数:map[0:1],中奖线得分：0
中奖线:[1 0 1 0 1],展示的图标:[[9 0 0] [3 7 9] [3 7 0] [8 20 20] [3 3 3]],中奖图标次数:map[0:1],中奖线得分：0
中奖线:[2 1 0 0 0],展示的图标:[[9 0 0] [3 7 9] [3 7 0] [8 20 20] [3 3 3]],中奖图标次数:map[0:1],中奖线得分：0
中奖线:[0 1 2 2 2],展示的图标:[[9 0 0] [3 7 9] [3 7 0] [8 20 20] [3 3 3]],中奖图标次数:map[9:1],中奖线得分：0
中奖线:[2 1 1 1 1],展示的图标:[[9 0 0] [3 7 9] [3 7 0] [8 20 20] [3 3 3]],中奖图标次数:map[0:1],中奖线得分：0
中奖线:[1 1 1 1 1],展示的图标:[[3 8 1] [0 0 2] [20 20 6] [22 0 0] [5 7 6]],中奖图标次数:map[8:1],中奖线得分：0
中奖线:[2 2 2 2 2],展示的图标:[[3 8 1] [0 0 2] [20 20 6] [22 0 0] [5 7 6]],中奖图标次数:map[1:1],中奖线得分：0
中奖线:[0 0 0 0 0],展示的图标:[[3 8 1] [0 0 2] [20 20 6] [22 0 0] [5 7 6]],中奖图标次数:map[3:1],中奖线得分：0
中奖线:[2 1 0 1 2],展示的图标:[[3 8 1] [0 0 2] [20 20 6] [22 0 0] [5 7 6]],中奖图标次数:map[1:1],中奖线得分：0
中奖线:[0 1 2 1 0],展示的图标:[[3 8 1] [0 0 2] [20 20 6] [22 0 0] [5 7 6]],中奖图标次数:map[3:1],中奖线得分：0
中奖线:[1 2 2 2 1],展示的图标:[[3 8 1] [0 0 2] [20 20 6] [22 0 0] [5 7 6]],中奖图标次数:map[8:1],中奖线得分：0
中奖线:[1 0 0 0 1],展示的图标:[[3 8 1] [0 0 2] [20 20 6] [22 0 0] [5 7 6]],中奖图标次数:map[8:1],中奖线得分：0
中奖线:[2 2 1 0 0],展示的图标:[[3 8 1] [0 0 2] [20 20 6] [22 0 0] [5 7 6]],中奖图标次数:map[1:1],中奖线得分：0
中奖线:[0 0 1 2 2],展示的图标:[[3 8 1] [0 0 2] [20 20 6] [22 0 0] [5 7 6]],中奖图标次数:map[3:1],中奖线得分：0
中奖线:[1 0 1 2 1],展示的图标:[[3 8 1] [0 0 2] [20 20 6] [22 0 0] [5 7 6]],中奖图标次数:map[8:1],中奖线得分：0
中奖线:[1 2 1 0 1],展示的图标:[[3 8 1] [0 0 2] [20 20 6] [22 0 0] [5 7 6]],中奖图标次数:map[8:1],中奖线得分：0
中奖线:[2 1 1 1 2],展示的图标:[[3 8 1] [0 0 2] [20 20 6] [22 0 0] [5 7 6]],中奖图标次数:map[1:1],中奖线得分：0
中奖线:[0 1 1 1 0],展示的图标:[[3 8 1] [0 0 2] [20 20 6] [22 0 0] [5 7 6]],中奖图标次数:map[3:1],中奖线得分：0
中奖线:[2 1 2 1 2],展示的图标:[[3 8 1] [0 0 2] [20 20 6] [22 0 0] [5 7 6]],中奖图标次数:map[1:1],中奖线得分：0
中奖线:[0 1 0 1 0],展示的图标:[[3 8 1] [0 0 2] [20 20 6] [22 0 0] [5 7 6]],中奖图标次数:map[3:1],中奖线得分：0
中奖线:[1 1 2 1 1],展示的图标:[[3 8 1] [0 0 2] [20 20 6] [22 0 0] [5 7 6]],中奖图标次数:map[8:1],中奖线得分：0
中奖线:[1 1 0 1 1],展示的图标:[[3 8 1] [0 0 2] [20 20 6] [22 0 0] [5 7 6]],中奖图标次数:map[8:1],中奖线得分：0
中奖线:[2 2 0 2 2],展示的图标:[[3 8 1] [0 0 2] [20 20 6] [22 0 0] [5 7 6]],中奖图标次数:map[1:1],中奖线得分：0
中奖线:[0 0 2 0 0],展示的图标:[[3 8 1] [0 0 2] [20 20 6] [22 0 0] [5 7 6]],中奖图标次数:map[3:1],中奖线得分：0
中奖线:[2 0 0 0 2],展示的图标:[[3 8 1] [0 0 2] [20 20 6] [22 0 0] [5 7 6]],中奖图标次数:map[1:1],中奖线得分：0
中奖线:[0 2 2 2 0],展示的图标:[[3 8 1] [0 0 2] [20 20 6] [22 0 0] [5 7 6]],中奖图标次数:map[3:1],中奖线得分：0
中奖线:[1 0 2 0 1],展示的图标:[[3 8 1] [0 0 2] [20 20 6] [22 0 0] [5 7 6]],中奖图标次数:map[8:1],中奖线得分：0
中奖线:[1 2 0 2 1],展示的图标:[[3 8 1] [0 0 2] [20 20 6] [22 0 0] [5 7 6]],中奖图标次数:map[8:1],中奖线得分：0
中奖线:[2 0 2 0 2],展示的图标:[[3 8 1] [0 0 2] [20 20 6] [22 0 0] [5 7 6]],中奖图标次数:map[1:1],中奖线得分：0
中奖线:[0 2 0 2 0],展示的图标:[[3 8 1] [0 0 2] [20 20 6] [22 0 0] [5 7 6]],中奖图标次数:map[3:1],中奖线得分：0
中奖线:[0 2 1 0 2],展示的图标:[[3 8 1] [0 0 2] [20 20 6] [22 0 0] [5 7 6]],中奖图标次数:map[3:1],中奖线得分：0
中奖线:[2 0 1 2 0],展示的图标:[[3 8 1] [0 0 2] [20 20 6] [22 0 0] [5 7 6]],中奖图标次数:map[1:1],中奖线得分：0
中奖线:[2 0 1 0 2],展示的图标:[[3 8 1] [0 0 2] [20 20 6] [22 0 0] [5 7 6]],中奖图标次数:map[1:1],中奖线得分：0
中奖线:[0 2 1 2 0],展示的图标:[[3 8 1] [0 0 2] [20 20 6] [22 0 0] [5 7 6]],中奖图标次数:map[3:1],中奖线得分：0
中奖线:[0 1 2 2 1],展示的图标:[[3 8 1] [0 0 2] [20 20 6] [22 0 0] [5 7 6]],中奖图标次数:map[3:1],中奖线得分：0
中奖线:[2 1 0 0 1],展示的图标:[[3 8 1] [0 0 2] [20 20 6] [22 0 0] [5 7 6]],中奖图标次数:map[1:1],中奖线得分：0
中奖线:[2 2 0 0 0],展示的图标:[[3 8 1] [0 0 2] [20 20 6] [22 0 0] [5 7 6]],中奖图标次数:map[1:1],中奖线得分：0
中奖线:[0 0 2 2 2],展示的图标:[[3 8 1] [0 0 2] [20 20 6] [22 0 0] [5 7 6]],中奖图标次数:map[3:1],中奖线得分：0
中奖线:[1 2 0 1 0],展示的图标:[[3 8 1] [0 0 2] [20 20 6] [22 0 0] [5 7 6]],中奖图标次数:map[8:1],中奖线得分：0
中奖线:[1 0 2 1 2],展示的图标:[[3 8 1] [0 0 2] [20 20 6] [22 0 0] [5 7 6]],中奖图标次数:map[8:1],中奖线得分：0
中奖线:[2 1 2 1 0],展示的图标:[[3 8 1] [0 0 2] [20 20 6] [22 0 0] [5 7 6]],中奖图标次数:map[1:1],中奖线得分：0
中奖线:[0 1 0 1 2],展示的图标:[[3 8 1] [0 0 2] [20 20 6] [22 0 0] [5 7 6]],中奖图标次数:map[3:1],中奖线得分：0
中奖线:[1 0 0 2 2],展示的图标:[[3 8 1] [0 0 2] [20 20 6] [22 0 0] [5 7 6]],中奖图标次数:map[8:1],中奖线得分：0
中奖线:[2 2 1 1 0],展示的图标:[[3 8 1] [0 0 2] [20 20 6] [22 0 0] [5 7 6]],中奖图标次数:map[1:1],中奖线得分：0
中奖线:[0 0 0 0 0],展示的图标:[[3 8 1] [0 0 2] [20 20 6] [22 0 0] [5 7 6]],中奖图标次数:map[3:1],中奖线得分：0
中奖线:[0 0 1 1 2],展示的图标:[[3 8 1] [0 0 2] [20 20 6] [22 0 0] [5 7 6]],中奖图标次数:map[3:1],中奖线得分：0
中奖线:[0 2 2 2 2],展示的图标:[[3 8 1] [0 0 2] [20 20 6] [22 0 0] [5 7 6]],中奖图标次数:map[3:1],中奖线得分：0
中奖线:[2 0 0 0 0],展示的图标:[[3 8 1] [0 0 2] [20 20 6] [22 0 0] [5 7 6]],中奖图标次数:map[1:1],中奖线得分：0
中奖线:[0 0 0 0 2],展示的图标:[[3 8 1] [0 0 2] [20 20 6] [22 0 0] [5 7 6]],中奖图标次数:map[3:1],中奖线得分：0
中奖线:[2 2 2 2 0],展示的图标:[[3 8 1] [0 0 2] [20 20 6] [22 0 0] [5 7 6]],中奖图标次数:map[1:1],中奖线得分：0
中奖线:[1 2 1 2 1],展示的图标:[[3 8 1] [0 0 2] [20 20 6] [22 0 0] [5 7 6]],中奖图标次数:map[8:1],中奖线得分：0
中奖线:[1 0 1 0 1],展示的图标:[[3 8 1] [0 0 2] [20 20 6] [22 0 0] [5 7 6]],中奖图标次数:map[8:1],中奖线得分：0
中奖线:[2 1 0 0 0],展示的图标:[[3 8 1] [0 0 2] [20 20 6] [22 0 0] [5 7 6]],中奖图标次数:map[1:1],中奖线得分：0
中奖线:[0 1 2 2 2],展示的图标:[[3 8 1] [0 0 2] [20 20 6] [22 0 0] [5 7 6]],中奖图标次数:map[3:1],中奖线得分：0
中奖线:[2 1 1 1 1],展示的图标:[[3 8 1] [0 0 2] [20 20 6] [22 0 0] [5 7 6]],中奖图标次数:map[1:1],中奖线得分：0
中奖线:[1 1 1 1 1],展示的图标:[[4 8 20] [3 6 4] [22 22 22] [1 5 4] [1 2 3]],中奖图标次数:map[8:1],中奖线得分：0
中奖线:[2 2 2 2 2],展示的图标:[[4 8 20] [3 6 4] [22 22 22] [1 5 4] [1 2 3]],中奖图标次数:map[4:2 20:1],中奖线得分：0
中奖线:[0 0 0 0 0],展示的图标:[[4 8 20] [3 6 4] [22 22 22] [1 5 4] [1 2 3]],中奖图标次数:map[4:1],中奖线得分：0
中奖线:[2 1 0 1 2],展示的图标:[[4 8 20] [3 6 4] [22 22 22] [1 5 4] [1 2 3]],中奖图标次数:map[6:2 20:1],中奖线得分：0
中奖线:[0 1 2 1 0],展示的图标:[[4 8 20] [3 6 4] [22 22 22] [1 5 4] [1 2 3]],中奖图标次数:map[4:1],中奖线得分：0
中奖线:[1 2 2 2 1],展示的图标:[[4 8 20] [3 6 4] [22 22 22] [1 5 4] [1 2 3]],中奖图标次数:map[8:1],中奖线得分：0
中奖线:[1 0 0 0 1],展示的图标:[[4 8 20] [3 6 4] [22 22 22] [1 5 4] [1 2 3]],中奖图标次数:map[8:1],中奖线得分：0
中奖线:[2 2 1 0 0],展示的图标:[[4 8 20] [3 6 4] [22 22 22] [1 5 4] [1 2 3]],中奖图标次数:map[4:2 20:1],中奖线得分：0
中奖线:[0 0 1 2 2],展示的图标:[[4 8 20] [3 6 4] [22 22 22] [1 5 4] [1 2 3]],中奖图标次数:map[4:1],中奖线得分：0
中奖线:[1 0 1 2 1],展示的图标:[[4 8 20] [3 6 4] [22 22 22] [1 5 4] [1 2 3]],中奖图标次数:map[8:1],中奖线得分：0
中奖线:[1 2 1 0 1],展示的图标:[[4 8 20] [3 6 4] [22 22 22] [1 5 4] [1 2 3]],中奖图标次数:map[8:1],中奖线得分：0
中奖线:[2 1 1 1 2],展示的图标:[[4 8 20] [3 6 4] [22 22 22] [1 5 4] [1 2 3]],中奖图标次数:map[6:2 20:1],中奖线得分：0
中奖线:[0 1 1 1 0],展示的图标:[[4 8 20] [3 6 4] [22 22 22] [1 5 4] [1 2 3]],中奖图标次数:map[4:1],中奖线得分：0
中奖线:[2 1 2 1 2],展示的图标:[[4 8 20] [3 6 4] [22 22 22] [1 5 4] [1 2 3]],中奖图标次数:map[6:2 20:1],中奖线得分：0
中奖线:[0 1 0 1 0],展示的图标:[[4 8 20] [3 6 4] [22 22 22] [1 5 4] [1 2 3]],中奖图标次数:map[4:1],中奖线得分：0
中奖线:[1 1 2 1 1],展示的图标:[[4 8 20] [3 6 4] [22 22 22] [1 5 4] [1 2 3]],中奖图标次数:map[8:1],中奖线得分：0
中奖线:[1 1 0 1 1],展示的图标:[[4 8 20] [3 6 4] [22 22 22] [1 5 4] [1 2 3]],中奖图标次数:map[8:1],中奖线得分：0
中奖线:[2 2 0 2 2],展示的图标:[[4 8 20] [3 6 4] [22 22 22] [1 5 4] [1 2 3]],中奖图标次数:map[4:2 20:1],中奖线得分：0
中奖线:[0 0 2 0 0],展示的图标:[[4 8 20] [3 6 4] [22 22 22] [1 5 4] [1 2 3]],中奖图标次数:map[4:1],中奖线得分：0
中奖线:[2 0 0 0 2],展示的图标:[[4 8 20] [3 6 4] [22 22 22] [1 5 4] [1 2 3]],中奖图标次数:map[3:2 20:1],中奖线得分：0
中奖线:[0 2 2 2 0],展示的图标:[[4 8 20] [3 6 4] [22 22 22] [1 5 4] [1 2 3]],中奖图标次数:map[4:2],中奖线得分：0
中奖线:[1 0 2 0 1],展示的图标:[[4 8 20] [3 6 4] [22 22 22] [1 5 4] [1 2 3]],中奖图标次数:map[8:1],中奖线得分：0
中奖线:[1 2 0 2 1],展示的图标:[[4 8 20] [3 6 4] [22 22 22] [1 5 4] [1 2 3]],中奖图标次数:map[8:1],中奖线得分：0
中奖线:[2 0 2 0 2],展示的图标:[[4 8 20] [3 6 4] [22 22 22] [1 5 4] [1 2 3]],中奖图标次数:map[3:2 20:1],中奖线得分：0
中奖线:[0 2 0 2 0],展示的图标:[[4 8 20] [3 6 4] [22 22 22] [1 5 4] [1 2 3]],中奖图标次数:map[4:2],中奖线得分：0
中奖线:[0 2 1 0 2],展示的图标:[[4 8 20] [3 6 4] [22 22 22] [1 5 4] [1 2 3]],中奖图标次数:map[4:2],中奖线得分：0
中奖线:[2 0 1 2 0],展示的图标:[[4 8 20] [3 6 4] [22 22 22] [1 5 4] [1 2 3]],中奖图标次数:map[3:2 20:1],中奖线得分：0
中奖线:[2 0 1 0 2],展示的图标:[[4 8 20] [3 6 4] [22 22 22] [1 5 4] [1 2 3]],中奖图标次数:map[3:2 20:1],中奖线得分：0
中奖线:[0 2 1 2 0],展示的图标:[[4 8 20] [3 6 4] [22 22 22] [1 5 4] [1 2 3]],中奖图标次数:map[4:2],中奖线得分：0
中奖线:[0 1 2 2 1],展示的图标:[[4 8 20] [3 6 4] [22 22 22] [1 5 4] [1 2 3]],中奖图标次数:map[4:1],中奖线得分：0
中奖线:[2 1 0 0 1],展示的图标:[[4 8 20] [3 6 4] [22 22 22] [1 5 4] [1 2 3]],中奖图标次数:map[6:2 20:1],中奖线得分：0
中奖线:[2 2 0 0 0],展示的图标:[[4 8 20] [3 6 4] [22 22 22] [1 5 4] [1 2 3]],中奖图标次数:map[4:2 20:1],中奖线得分：0
中奖线:[0 0 2 2 2],展示的图标:[[4 8 20] [3 6 4] [22 22 22] [1 5 4] [1 2 3]],中奖图标次数:map[4:1],中奖线得分：0
中奖线:[1 2 0 1 0],展示的图标:[[4 8 20] [3 6 4] [22 22 22] [1 5 4] [1 2 3]],中奖图标次数:map[8:1],中奖线得分：0
中奖线:[1 0 2 1 2],展示的图标:[[4 8 20] [3 6 4] [22 22 22] [1 5 4] [1 2 3]],中奖图标次数:map[8:1],中奖线得分：0
中奖线:[2 1 2 1 0],展示的图标:[[4 8 20] [3 6 4] [22 22 22] [1 5 4] [1 2 3]],中奖图标次数:map[6:2 20:1],中奖线得分：0
中奖线:[0 1 0 1 2],展示的图标:[[4 8 20] [3 6 4] [22 22 22] [1 5 4] [1 2 3]],中奖图标次数:map[4:1],中奖线得分：0
中奖线:[1 0 0 2 2],展示的图标:[[4 8 20] [3 6 4] [22 22 22] [1 5 4] [1 2 3]],中奖图标次数:map[8:1],中奖线得分：0
中奖线:[2 2 1 1 0],展示的图标:[[4 8 20] [3 6 4] [22 22 22] [1 5 4] [1 2 3]],中奖图标次数:map[4:2 20:1],中奖线得分：0
中奖线:[0 0 0 0 0],展示的图标:[[4 8 20] [3 6 4] [22 22 22] [1 5 4] [1 2 3]],中奖图标次数:map[4:1],中奖线得分：0
中奖线:[0 0 1 1 2],展示的图标:[[4 8 20] [3 6 4] [22 22 22] [1 5 4] [1 2 3]],中奖图标次数:map[4:1],中奖线得分：0
中奖线:[0 2 2 2 2],展示的图标:[[4 8 20] [3 6 4] [22 22 22] [1 5 4] [1 2 3]],中奖图标次数:map[4:2],中奖线得分：0
中奖线:[2 0 0 0 0],展示的图标:[[4 8 20] [3 6 4] [22 22 22] [1 5 4] [1 2 3]],中奖图标次数:map[3:2 20:1],中奖线得分：0
中奖线:[0 0 0 0 2],展示的图标:[[4 8 20] [3 6 4] [22 22 22] [1 5 4] [1 2 3]],中奖图标次数:map[4:1],中奖线得分：0
中奖线:[2 2 2 2 0],展示的图标:[[4 8 20] [3 6 4] [22 22 22] [1 5 4] [1 2 3]],中奖图标次数:map[4:2 20:1],中奖线得分：0
中奖线:[1 2 1 2 1],展示的图标:[[4 8 20] [3 6 4] [22 22 22] [1 5 4] [1 2 3]],中奖图标次数:map[8:1],中奖线得分：0
中奖线:[1 0 1 0 1],展示的图标:[[4 8 20] [3 6 4] [22 22 22] [1 5 4] [1 2 3]],中奖图标次数:map[8:1],中奖线得分：0
中奖线:[2 1 0 0 0],展示的图标:[[4 8 20] [3 6 4] [22 22 22] [1 5 4] [1 2 3]],中奖图标次数:map[6:2 20:1],中奖线得分：0
中奖线:[0 1 2 2 2],展示的图标:[[4 8 20] [3 6 4] [22 22 22] [1 5 4] [1 2 3]],中奖图标次数:map[4:1],中奖线得分：0
中奖线:[2 1 1 1 1],展示的图标:[[4 8 20] [3 6 4] [22 22 22] [1 5 4] [1 2 3]],中奖图标次数:map[6:2 20:1],中奖线得分：0
中奖线:[1 1 1 1 1],展示的图标:[[1 0 0] [6 4 4] [3 3 5] [20 6 4] [2 3 4]],中奖图标次数:map[0:1],中奖线得分：0
中奖线:[2 2 2 2 2],展示的图标:[[1 0 0] [6 4 4] [3 3 5] [20 6 4] [2 3 4]],中奖图标次数:map[0:1],中奖线得分：0
中奖线:[0 0 0 0 0],展示的图标:[[1 0 0] [6 4 4] [3 3 5] [20 6 4] [2 3 4]],中奖图标次数:map[1:1],中奖线得分：0
中奖线:[2 1 0 1 2],展示的图标:[[1 0 0] [6 4 4] [3 3 5] [20 6 4] [2 3 4]],中奖图标次数:map[0:1],中奖线得分：0
中奖线:[0 1 2 1 0],展示的图标:[[1 0 0] [6 4 4] [3 3 5] [20 6 4] [2 3 4]],中奖图标次数:map[1:1],中奖线得分：0
中奖线:[1 2 2 2 1],展示的图标:[[1 0 0] [6 4 4] [3 3 5] [20 6 4] [2 3 4]],中奖图标次数:map[0:1],中奖线得分：0
中奖线:[1 0 0 0 1],展示的图标:[[1 0 0] [6 4 4] [3 3 5] [20 6 4] [2 3 4]],中奖图标次数:map[0:1],中奖线得分：0
中奖线:[2 2 1 0 0],展示的图标:[[1 0 0] [6 4 4] [3 3 5] [20 6 4] [2 3 4]],中奖图标次数:map[0:1],中奖线得分：0
中奖线:[0 0 1 2 2],展示的图标:[[1 0 0] [6 4 4] [3 3 5] [20 6 4] [2 3 4]],中奖图标次数:map[1:1],中奖线得分：0
中奖线:[1 0 1 2 1],展示的图标:[[1 0 0] [6 4 4] [3 3 5] [20 6 4] [2 3 4]],中奖图标次数:map[0:1],中奖线得分：0
中奖线:[1 2 1 0 1],展示的图标:[[1 0 0] [6 4 4] [3 3 5] [20 6 4] [2 3 4]],中奖图标次数:map[0:1],中奖线得分：0
中奖线:[2 1 1 1 2],展示的图标:[[1 0 0] [6 4 4] [3 3 5] [20 6 4] [2 3 4]],中奖图标次数:map[0:1],中奖线得分：0
中奖线:[0 1 1 1 0],展示的图标:[[1 0 0] [6 4 4] [3 3 5] [20 6 4] [2 3 4]],中奖图标次数:map[1:1],中奖线得分：0
中奖线:[2 1 2 1 2],展示的图标:[[1 0 0] [6 4 4] [3 3 5] [20 6 4] [2 3 4]],中奖图标次数:map[0:1],中奖线得分：0
中奖线:[0 1 0 1 0],展示的图标:[[1 0 0] [6 4 4] [3 3 5] [20 6 4] [2 3 4]],中奖图标次数:map[1:1],中奖线得分：0
中奖线:[1 1 2 1 1],展示的图标:[[1 0 0] [6 4 4] [3 3 5] [20 6 4] [2 3 4]],中奖图标次数:map[0:1],中奖线得分：0
中奖线:[1 1 0 1 1],展示的图标:[[1 0 0] [6 4 4] [3 3 5] [20 6 4] [2 3 4]],中奖图标次数:map[0:1],中奖线得分：0
中奖线:[2 2 0 2 2],展示的图标:[[1 0 0] [6 4 4] [3 3 5] [20 6 4] [2 3 4]],中奖图标次数:map[0:1],中奖线得分：0
中奖线:[0 0 2 0 0],展示的图标:[[1 0 0] [6 4 4] [3 3 5] [20 6 4] [2 3 4]],中奖图标次数:map[1:1],中奖线得分：0
中奖线:[2 0 0 0 2],展示的图标:[[1 0 0] [6 4 4] [3 3 5] [20 6 4] [2 3 4]],中奖图标次数:map[0:1],中奖线得分：0
中奖线:[0 2 2 2 0],展示的图标:[[1 0 0] [6 4 4] [3 3 5] [20 6 4] [2 3 4]],中奖图标次数:map[1:1],中奖线得分：0
中奖线:[1 0 2 0 1],展示的图标:[[1 0 0] [6 4 4] [3 3 5] [20 6 4] [2 3 4]],中奖图标次数:map[0:1],中奖线得分：0
中奖线:[1 2 0 2 1],展示的图标:[[1 0 0] [6 4 4] [3 3 5] [20 6 4] [2 3 4]],中奖图标次数:map[0:1],中奖线得分：0
中奖线:[2 0 2 0 2],展示的图标:[[1 0 0] [6 4 4] [3 3 5] [20 6 4] [2 3 4]],中奖图标次数:map[0:1],中奖线得分：0
中奖线:[0 2 0 2 0],展示的图标:[[1 0 0] [6 4 4] [3 3 5] [20 6 4] [2 3 4]],中奖图标次数:map[1:1],中奖线得分：0
中奖线:[0 2 1 0 2],展示的图标:[[1 0 0] [6 4 4] [3 3 5] [20 6 4] [2 3 4]],中奖图标次数:map[1:1],中奖线得分：0
中奖线:[2 0 1 2 0],展示的图标:[[1 0 0] [6 4 4] [3 3 5] [20 6 4] [2 3 4]],中奖图标次数:map[0:1],中奖线得分：0
中奖线:[2 0 1 0 2],展示的图标:[[1 0 0] [6 4 4] [3 3 5] [20 6 4] [2 3 4]],中奖图标次数:map[0:1],中奖线得分：0
中奖线:[0 2 1 2 0],展示的图标:[[1 0 0] [6 4 4] [3 3 5] [20 6 4] [2 3 4]],中奖图标次数:map[1:1],中奖线得分：0
中奖线:[0 1 2 2 1],展示的图标:[[1 0 0] [6 4 4] [3 3 5] [20 6 4] [2 3 4]],中奖图标次数:map[1:1],中奖线得分：0
中奖线:[2 1 0 0 1],展示的图标:[[1 0 0] [6 4 4] [3 3 5] [20 6 4] [2 3 4]],中奖图标次数:map[0:1],中奖线得分：0
中奖线:[2 2 0 0 0],展示的图标:[[1 0 0] [6 4 4] [3 3 5] [20 6 4] [2 3 4]],中奖图标次数:map[0:1],中奖线得分：0
中奖线:[0 0 2 2 2],展示的图标:[[1 0 0] [6 4 4] [3 3 5] [20 6 4] [2 3 4]],中奖图标次数:map[1:1],中奖线得分：0
中奖线:[1 2 0 1 0],展示的图标:[[1 0 0] [6 4 4] [3 3 5] [20 6 4] [2 3 4]],中奖图标次数:map[0:1],中奖线得分：0
中奖线:[1 0 2 1 2],展示的图标:[[1 0 0] [6 4 4] [3 3 5] [20 6 4] [2 3 4]],中奖图标次数:map[0:1],中奖线得分：0
中奖线:[2 1 2 1 0],展示的图标:[[1 0 0] [6 4 4] [3 3 5] [20 6 4] [2 3 4]],中奖图标次数:map[0:1],中奖线得分：0
中奖线:[0 1 0 1 2],展示的图标:[[1 0 0] [6 4 4] [3 3 5] [20 6 4] [2 3 4]],中奖图标次数:map[1:1],中奖线得分：0
中奖线:[1 0 0 2 2],展示的图标:[[1 0 0] [6 4 4] [3 3 5] [20 6 4] [2 3 4]],中奖图标次数:map[0:1],中奖线得分：0
中奖线:[2 2 1 1 0],展示的图标:[[1 0 0] [6 4 4] [3 3 5] [20 6 4] [2 3 4]],中奖图标次数:map[0:1],中奖线得分：0
中奖线:[0 0 0 0 0],展示的图标:[[1 0 0] [6 4 4] [3 3 5] [20 6 4] [2 3 4]],中奖图标次数:map[1:1],中奖线得分：0
中奖线:[0 0 1 1 2],展示的图标:[[1 0 0] [6 4 4] [3 3 5] [20 6 4] [2 3 4]],中奖图标次数:map[1:1],中奖线得分：0
中奖线:[0 2 2 2 2],展示的图标:[[1 0 0] [6 4 4] [3 3 5] [20 6 4] [2 3 4]],中奖图标次数:map[1:1],中奖线得分：0
中奖线:[2 0 0 0 0],展示的图标:[[1 0 0] [6 4 4] [3 3 5] [20 6 4] [2 3 4]],中奖图标次数:map[0:1],中奖线得分：0
中奖线:[0 0 0 0 2],展示的图标:[[1 0 0] [6 4 4] [3 3 5] [20 6 4] [2 3 4]],中奖图标次数:map[1:1],中奖线得分：0
中奖线:[2 2 2 2 0],展示的图标:[[1 0 0] [6 4 4] [3 3 5] [20 6 4] [2 3 4]],中奖图标次数:map[0:1],中奖线得分：0
中奖线:[1 2 1 2 1],展示的图标:[[1 0 0] [6 4 4] [3 3 5] [20 6 4] [2 3 4]],中奖图标次数:map[0:1],中奖线得分：0
中奖线:[1 0 1 0 1],展示的图标:[[1 0 0] [6 4 4] [3 3 5] [20 6 4] [2 3 4]],中奖图标次数:map[0:1],中奖线得分：0
中奖线:[2 1 0 0 0],展示的图标:[[1 0 0] [6 4 4] [3 3 5] [20 6 4] [2 3 4]],中奖图标次数:map[0:1],中奖线得分：0
中奖线:[0 1 2 2 2],展示的图标:[[1 0 0] [6 4 4] [3 3 5] [20 6 4] [2 3 4]],中奖图标次数:map[1:1],中奖线得分：0
中奖线:[2 1 1 1 1],展示的图标:[[1 0 0] [6 4 4] [3 3 5] [20 6 4] [2 3 4]],中奖图标次数:map[0:1],中奖线得分：0
中奖线:[1 1 1 1 1],展示的图标:[[5 2 2] [22 1 1] [5 4 4] [3 3 3] [1 0 22]],中奖图标次数:map[2:1],中奖线得分：0
中奖线:[2 2 2 2 2],展示的图标:[[5 2 2] [22 1 1] [5 4 4] [3 3 3] [1 0 22]],中奖图标次数:map[2:1],中奖线得分：0
中奖线:[0 0 0 0 0],展示的图标:[[5 2 2] [22 1 1] [5 4 4] [3 3 3] [1 0 22]],中奖图标次数:map[5:1],中奖线得分：0
中奖线:[2 1 0 1 2],展示的图标:[[5 2 2] [22 1 1] [5 4 4] [3 3 3] [1 0 22]],中奖图标次数:map[2:1],中奖线得分：0
中奖线:[0 1 2 1 0],展示的图标:[[5 2 2] [22 1 1] [5 4 4] [3 3 3] [1 0 22]],中奖图标次数:map[5:1],中奖线得分：0
中奖线:[1 2 2 2 1],展示的图标:[[5 2 2] [22 1 1] [5 4 4] [3 3 3] [1 0 22]],中奖图标次数:map[2:1],中奖线得分：0
中奖线:[1 0 0 0 1],展示的图标:[[5 2 2] [22 1 1] [5 4 4] [3 3 3] [1 0 22]],中奖图标次数:map[2:1],中奖线得分：0
中奖线:[2 2 1 0 0],展示的图标:[[5 2 2] [22 1 1] [5 4 4] [3 3 3] [1 0 22]],中奖图标次数:map[2:1],中奖线得分：0
中奖线:[0 0 1 2 2],展示的图标:[[5 2 2] [22 1 1] [5 4 4] [3 3 3] [1 0 22]],中奖图标次数:map[5:1],中奖线得分：0
中奖线:[1 0 1 2 1],展示的图标:[[5 2 2] [22 1 1] [5 4 4] [3 3 3] [1 0 22]],中奖图标次数:map[2:1],中奖线得分：0
中奖线:[1 2 1 0 1],展示的图标:[[5 2 2] [22 1 1] [5 4 4] [3 3 3] [1 0 22]],中奖图标次数:map[2:1],中奖线得分：0
中奖线:[2 1 1 1 2],展示的图标:[[5 2 2] [22 1 1] [5 4 4] [3 3 3] [1 0 22]],中奖图标次数:map[2:1],中奖线得分：0
中奖线:[0 1 1 1 0],展示的图标:[[5 2 2] [22 1 1] [5 4 4] [3 3 3] [1 0 22]],中奖图标次数:map[5:1],中奖线得分：0
中奖线:[2 1 2 1 2],展示的图标:[[5 2 2] [22 1 1] [5 4 4] [3 3 3] [1 0 22]],中奖图标次数:map[2:1],中奖线得分：0
中奖线:[0 1 0 1 0],展示的图标:[[5 2 2] [22 1 1] [5 4 4] [3 3 3] [1 0 22]],中奖图标次数:map[5:1],中奖线得分：0
中奖线:[1 1 2 1 1],展示的图标:[[5 2 2] [22 1 1] [5 4 4] [3 3 3] [1 0 22]],中奖图标次数:map[2:1],中奖线得分：0
中奖线:[1 1 0 1 1],展示的图标:[[5 2 2] [22 1 1] [5 4 4] [3 3 3] [1 0 22]],中奖图标次数:map[2:1],中奖线得分：0
中奖线:[2 2 0 2 2],展示的图标:[[5 2 2] [22 1 1] [5 4 4] [3 3 3] [1 0 22]],中奖图标次数:map[2:1],中奖线得分：0
中奖线:[0 0 2 0 0],展示的图标:[[5 2 2] [22 1 1] [5 4 4] [3 3 3] [1 0 22]],中奖图标次数:map[5:1],中奖线得分：0
中奖线:[2 0 0 0 2],展示的图标:[[5 2 2] [22 1 1] [5 4 4] [3 3 3] [1 0 22]],中奖图标次数:map[2:1],中奖线得分：0
中奖线:[0 2 2 2 0],展示的图标:[[5 2 2] [22 1 1] [5 4 4] [3 3 3] [1 0 22]],中奖图标次数:map[5:1],中奖线得分：0
中奖线:[1 0 2 0 1],展示的图标:[[5 2 2] [22 1 1] [5 4 4] [3 3 3] [1 0 22]],中奖图标次数:map[2:1],中奖线得分：0
中奖线:[1 2 0 2 1],展示的图标:[[5 2 2] [22 1 1] [5 4 4] [3 3 3] [1 0 22]],中奖图标次数:map[2:1],中奖线得分：0
中奖线:[2 0 2 0 2],展示的图标:[[5 2 2] [22 1 1] [5 4 4] [3 3 3] [1 0 22]],中奖图标次数:map[2:1],中奖线得分：0
中奖线:[0 2 0 2 0],展示的图标:[[5 2 2] [22 1 1] [5 4 4] [3 3 3] [1 0 22]],中奖图标次数:map[5:1],中奖线得分：0
中奖线:[0 2 1 0 2],展示的图标:[[5 2 2] [22 1 1] [5 4 4] [3 3 3] [1 0 22]],中奖图标次数:map[5:1],中奖线得分：0
中奖线:[2 0 1 2 0],展示的图标:[[5 2 2] [22 1 1] [5 4 4] [3 3 3] [1 0 22]],中奖图标次数:map[2:1],中奖线得分：0
中奖线:[2 0 1 0 2],展示的图标:[[5 2 2] [22 1 1] [5 4 4] [3 3 3] [1 0 22]],中奖图标次数:map[2:1],中奖线得分：0
中奖线:[0 2 1 2 0],展示的图标:[[5 2 2] [22 1 1] [5 4 4] [3 3 3] [1 0 22]],中奖图标次数:map[5:1],中奖线得分：0
中奖线:[0 1 2 2 1],展示的图标:[[5 2 2] [22 1 1] [5 4 4] [3 3 3] [1 0 22]],中奖图标次数:map[5:1],中奖线得分：0
中奖线:[2 1 0 0 1],展示的图标:[[5 2 2] [22 1 1] [5 4 4] [3 3 3] [1 0 22]],中奖图标次数:map[2:1],中奖线得分：0
中奖线:[2 2 0 0 0],展示的图标:[[5 2 2] [22 1 1] [5 4 4] [3 3 3] [1 0 22]],中奖图标次数:map[2:1],中奖线得分：0
中奖线:[0 0 2 2 2],展示的图标:[[5 2 2] [22 1 1] [5 4 4] [3 3 3] [1 0 22]],中奖图标次数:map[5:1],中奖线得分：0
中奖线:[1 2 0 1 0],展示的图标:[[5 2 2] [22 1 1] [5 4 4] [3 3 3] [1 0 22]],中奖图标次数:map[2:1],中奖线得分：0
中奖线:[1 0 2 1 2],展示的图标:[[5 2 2] [22 1 1] [5 4 4] [3 3 3] [1 0 22]],中奖图标次数:map[2:1],中奖线得分：0
中奖线:[2 1 2 1 0],展示的图标:[[5 2 2] [22 1 1] [5 4 4] [3 3 3] [1 0 22]],中奖图标次数:map[2:1],中奖线得分：0
中奖线:[0 1 0 1 2],展示的图标:[[5 2 2] [22 1 1] [5 4 4] [3 3 3] [1 0 22]],中奖图标次数:map[5:1],中奖线得分：0
中奖线:[1 0 0 2 2],展示的图标:[[5 2 2] [22 1 1] [5 4 4] [3 3 3] [1 0 22]],中奖图标次数:map[2:1],中奖线得分：0
中奖线:[2 2 1 1 0],展示的图标:[[5 2 2] [22 1 1] [5 4 4] [3 3 3] [1 0 22]],中奖图标次数:map[2:1],中奖线得分：0
中奖线:[0 0 0 0 0],展示的图标:[[5 2 2] [22 1 1] [5 4 4] [3 3 3] [1 0 22]],中奖图标次数:map[5:1],中奖线得分：0
中奖线:[0 0 1 1 2],展示的图标:[[5 2 2] [22 1 1] [5 4 4] [3 3 3] [1 0 22]],中奖图标次数:map[5:1],中奖线得分：0
中奖线:[0 2 2 2 2],展示的图标:[[5 2 2] [22 1 1] [5 4 4] [3 3 3] [1 0 22]],中奖图标次数:map[5:1],中奖线得分：0
中奖线:[2 0 0 0 0],展示的图标:[[5 2 2] [22 1 1] [5 4 4] [3 3 3] [1 0 22]],中奖图标次数:map[2:1],中奖线得分：0
中奖线:[0 0 0 0 2],展示的图标:[[5 2 2] [22 1 1] [5 4 4] [3 3 3] [1 0 22]],中奖图标次数:map[5:1],中奖线得分：0
中奖线:[2 2 2 2 0],展示的图标:[[5 2 2] [22 1 1] [5 4 4] [3 3 3] [1 0 22]],中奖图标次数:map[2:1],中奖线得分：0
中奖线:[1 2 1 2 1],展示的图标:[[5 2 2] [22 1 1] [5 4 4] [3 3 3] [1 0 22]],中奖图标次数:map[2:1],中奖线得分：0
中奖线:[1 0 1 0 1],展示的图标:[[5 2 2] [22 1 1] [5 4 4] [3 3 3] [1 0 22]],中奖图标次数:map[2:1],中奖线得分：0
中奖线:[2 1 0 0 0],展示的图标:[[5 2 2] [22 1 1] [5 4 4] [3 3 3] [1 0 22]],中奖图标次数:map[2:1],中奖线得分：0
中奖线:[0 1 2 2 2],展示的图标:[[5 2 2] [22 1 1] [5 4 4] [3 3 3] [1 0 22]],中奖图标次数:map[5:1],中奖线得分：0
中奖线:[2 1 1 1 1],展示的图标:[[5 2 2] [22 1 1] [5 4 4] [3 3 3] [1 0 22]],中奖图标次数:map[2:1],中奖线得分：0
中奖线:[1 1 1 1 1],展示的图标:[[0 7 2] [4 4 4] [8 2 2] [6 4 0] [0 1 2]],中奖图标次数:map[7:1],中奖线得分：0
中奖线:[2 2 2 2 2],展示的图标:[[0 7 2] [4 4 4] [8 2 2] [6 4 0] [0 1 2]],中奖图标次数:map[2:1],中奖线得分：0
中奖线:[0 0 0 0 0],展示的图标:[[0 7 2] [4 4 4] [8 2 2] [6 4 0] [0 1 2]],中奖图标次数:map[0:1],中奖线得分：0
中奖线:[2 1 0 1 2],展示的图标:[[0 7 2] [4 4 4] [8 2 2] [6 4 0] [0 1 2]],中奖图标次数:map[2:1],中奖线得分：0
中奖线:[0 1 2 1 0],展示的图标:[[0 7 2] [4 4 4] [8 2 2] [6 4 0] [0 1 2]],中奖图标次数:map[0:1],中奖线得分：0
中奖线:[1 2 2 2 1],展示的图标:[[0 7 2] [4 4 4] [8 2 2] [6 4 0] [0 1 2]],中奖图标次数:map[7:1],中奖线得分：0
中奖线:[1 0 0 0 1],展示的图标:[[0 7 2] [4 4 4] [8 2 2] [6 4 0] [0 1 2]],中奖图标次数:map[7:1],中奖线得分：0
中奖线:[2 2 1 0 0],展示的图标:[[0 7 2] [4 4 4] [8 2 2] [6 4 0] [0 1 2]],中奖图标次数:map[2:1],中奖线得分：0
中奖线:[0 0 1 2 2],展示的图标:[[0 7 2] [4 4 4] [8 2 2] [6 4 0] [0 1 2]],中奖图标次数:map[0:1],中奖线得分：0
中奖线:[1 0 1 2 1],展示的图标:[[0 7 2] [4 4 4] [8 2 2] [6 4 0] [0 1 2]],中奖图标次数:map[7:1],中奖线得分：0
中奖线:[1 2 1 0 1],展示的图标:[[0 7 2] [4 4 4] [8 2 2] [6 4 0] [0 1 2]],中奖图标次数:map[7:1],中奖线得分：0
中奖线:[2 1 1 1 2],展示的图标:[[0 7 2] [4 4 4] [8 2 2] [6 4 0] [0 1 2]],中奖图标次数:map[2:1],中奖线得分：0
中奖线:[0 1 1 1 0],展示的图标:[[0 7 2] [4 4 4] [8 2 2] [6 4 0] [0 1 2]],中奖图标次数:map[0:1],中奖线得分：0
中奖线:[2 1 2 1 2],展示的图标:[[0 7 2] [4 4 4] [8 2 2] [6 4 0] [0 1 2]],中奖图标次数:map[2:1],中奖线得分：0
中奖线:[0 1 0 1 0],展示的图标:[[0 7 2] [4 4 4] [8 2 2] [6 4 0] [0 1 2]],中奖图标次数:map[0:1],中奖线得分：0
中奖线:[1 1 2 1 1],展示的图标:[[0 7 2] [4 4 4] [8 2 2] [6 4 0] [0 1 2]],中奖图标次数:map[7:1],中奖线得分：0
中奖线:[1 1 0 1 1],展示的图标:[[0 7 2] [4 4 4] [8 2 2] [6 4 0] [0 1 2]],中奖图标次数:map[7:1],中奖线得分：0
中奖线:[2 2 0 2 2],展示的图标:[[0 7 2] [4 4 4] [8 2 2] [6 4 0] [0 1 2]],中奖图标次数:map[2:1],中奖线得分：0
中奖线:[0 0 2 0 0],展示的图标:[[0 7 2] [4 4 4] [8 2 2] [6 4 0] [0 1 2]],中奖图标次数:map[0:1],中奖线得分：0
中奖线:[2 0 0 0 2],展示的图标:[[0 7 2] [4 4 4] [8 2 2] [6 4 0] [0 1 2]],中奖图标次数:map[2:1],中奖线得分：0
中奖线:[0 2 2 2 0],展示的图标:[[0 7 2] [4 4 4] [8 2 2] [6 4 0] [0 1 2]],中奖图标次数:map[0:1],中奖线得分：0
中奖线:[1 0 2 0 1],展示的图标:[[0 7 2] [4 4 4] [8 2 2] [6 4 0] [0 1 2]],中奖图标次数:map[7:1],中奖线得分：0
中奖线:[1 2 0 2 1],展示的图标:[[0 7 2] [4 4 4] [8 2 2] [6 4 0] [0 1 2]],中奖图标次数:map[7:1],中奖线得分：0
中奖线:[2 0 2 0 2],展示的图标:[[0 7 2] [4 4 4] [8 2 2] [6 4 0] [0 1 2]],中奖图标次数:map[2:1],中奖线得分：0
中奖线:[0 2 0 2 0],展示的图标:[[0 7 2] [4 4 4] [8 2 2] [6 4 0] [0 1 2]],中奖图标次数:map[0:1],中奖线得分：0
中奖线:[0 2 1 0 2],展示的图标:[[0 7 2] [4 4 4] [8 2 2] [6 4 0] [0 1 2]],中奖图标次数:map[0:1],中奖线得分：0
中奖线:[2 0 1 2 0],展示的图标:[[0 7 2] [4 4 4] [8 2 2] [6 4 0] [0 1 2]],中奖图标次数:map[2:1],中奖线得分：0
中奖线:[2 0 1 0 2],展示的图标:[[0 7 2] [4 4 4] [8 2 2] [6 4 0] [0 1 2]],中奖图标次数:map[2:1],中奖线得分：0
中奖线:[0 2 1 2 0],展示的图标:[[0 7 2] [4 4 4] [8 2 2] [6 4 0] [0 1 2]],中奖图标次数:map[0:1],中奖线得分：0
中奖线:[0 1 2 2 1],展示的图标:[[0 7 2] [4 4 4] [8 2 2] [6 4 0] [0 1 2]],中奖图标次数:map[0:1],中奖线得分：0
中奖线:[2 1 0 0 1],展示的图标:[[0 7 2] [4 4 4] [8 2 2] [6 4 0] [0 1 2]],中奖图标次数:map[2:1],中奖线得分：0
中奖线:[2 2 0 0 0],展示的图标:[[0 7 2] [4 4 4] [8 2 2] [6 4 0] [0 1 2]],中奖图标次数:map[2:1],中奖线得分：0
中奖线:[0 0 2 2 2],展示的图标:[[0 7 2] [4 4 4] [8 2 2] [6 4 0] [0 1 2]],中奖图标次数:map[0:1],中奖线得分：0
中奖线:[1 2 0 1 0],展示的图标:[[0 7 2] [4 4 4] [8 2 2] [6 4 0] [0 1 2]],中奖图标次数:map[7:1],中奖线得分：0
中奖线:[1 0 2 1 2],展示的图标:[[0 7 2] [4 4 4] [8 2 2] [6 4 0] [0 1 2]],中奖图标次数:map[7:1],中奖线得分：0
中奖线:[2 1 2 1 0],展示的图标:[[0 7 2] [4 4 4] [8 2 2] [6 4 0] [0 1 2]],中奖图标次数:map[2:1],中奖线得分：0
中奖线:[0 1 0 1 2],展示的图标:[[0 7 2] [4 4 4] [8 2 2] [6 4 0] [0 1 2]],中奖图标次数:map[0:1],中奖线得分：0
中奖线:[1 0 0 2 2],展示的图标:[[0 7 2] [4 4 4] [8 2 2] [6 4 0] [0 1 2]],中奖图标次数:map[7:1],中奖线得分：0
中奖线:[2 2 1 1 0],展示的图标:[[0 7 2] [4 4 4] [8 2 2] [6 4 0] [0 1 2]],中奖图标次数:map[2:1],中奖线得分：0
中奖线:[0 0 0 0 0],展示的图标:[[0 7 2] [4 4 4] [8 2 2] [6 4 0] [0 1 2]],中奖图标次数:map[0:1],中奖线得分：0
中奖线:[0 0 1 1 2],展示的图标:[[0 7 2] [4 4 4] [8 2 2] [6 4 0] [0 1 2]],中奖图标次数:map[0:1],中奖线得分：0
中奖线:[0 2 2 2 2],展示的图标:[[0 7 2] [4 4 4] [8 2 2] [6 4 0] [0 1 2]],中奖图标次数:map[0:1],中奖线得分：0
中奖线:[2 0 0 0 0],展示的图标:[[0 7 2] [4 4 4] [8 2 2] [6 4 0] [0 1 2]],中奖图标次数:map[2:1],中奖线得分：0
中奖线:[0 0 0 0 2],展示的图标:[[0 7 2] [4 4 4] [8 2 2] [6 4 0] [0 1 2]],中奖图标次数:map[0:1],中奖线得分：0
中奖线:[2 2 2 2 0],展示的图标:[[0 7 2] [4 4 4] [8 2 2] [6 4 0] [0 1 2]],中奖图标次数:map[2:1],中奖线得分：0
中奖线:[1 2 1 2 1],展示的图标:[[0 7 2] [4 4 4] [8 2 2] [6 4 0] [0 1 2]],中奖图标次数:map[7:1],中奖线得分：0
中奖线:[1 0 1 0 1],展示的图标:[[0 7 2] [4 4 4] [8 2 2] [6 4 0] [0 1 2]],中奖图标次数:map[7:1],中奖线得分：0
中奖线:[2 1 0 0 0],展示的图标:[[0 7 2] [4 4 4] [8 2 2] [6 4 0] [0 1 2]],中奖图标次数:map[2:1],中奖线得分：0
中奖线:[0 1 2 2 2],展示的图标:[[0 7 2] [4 4 4] [8 2 2] [6 4 0] [0 1 2]],中奖图标次数:map[0:1],中奖线得分：0
中奖线:[2 1 1 1 1],展示的图标:[[0 7 2] [4 4 4] [8 2 2] [6 4 0] [0 1 2]],中奖图标次数:map[2:1],中奖线得分：0
中奖线:[1 1 1 1 1],展示的图标:[[5 2 2] [7 0 0] [6 5 5] [2 2 0] [9 22 22]],中奖图标次数:map[2:1],中奖线得分：0
中奖线:[2 2 2 2 2],展示的图标:[[5 2 2] [7 0 0] [6 5 5] [2 2 0] [9 22 22]],中奖图标次数:map[2:1],中奖线得分：0
中奖线:[0 0 0 0 0],展示的图标:[[5 2 2] [7 0 0] [6 5 5] [2 2 0] [9 22 22]],中奖图标次数:map[5:1],中奖线得分：0
中奖线:[2 1 0 1 2],展示的图标:[[5 2 2] [7 0 0] [6 5 5] [2 2 0] [9 22 22]],中奖图标次数:map[2:1],中奖线得分：0
中奖线:[0 1 2 1 0],展示的图标:[[5 2 2] [7 0 0] [6 5 5] [2 2 0] [9 22 22]],中奖图标次数:map[5:1],中奖线得分：0
中奖线:[1 2 2 2 1],展示的图标:[[5 2 2] [7 0 0] [6 5 5] [2 2 0] [9 22 22]],中奖图标次数:map[2:1],中奖线得分：0
中奖线:[1 0 0 0 1],展示的图标:[[5 2 2] [7 0 0] [6 5 5] [2 2 0] [9 22 22]],中奖图标次数:map[2:1],中奖线得分：0
中奖线:[2 2 1 0 0],展示的图标:[[5 2 2] [7 0 0] [6 5 5] [2 2 0] [9 22 22]],中奖图标次数:map[2:1],中奖线得分：0
中奖线:[0 0 1 2 2],展示的图标:[[5 2 2] [7 0 0] [6 5 5] [2 2 0] [9 22 22]],中奖图标次数:map[5:1],中奖线得分：0
中奖线:[1 0 1 2 1],展示的图标:[[5 2 2] [7 0 0] [6 5 5] [2 2 0] [9 22 22]],中奖图标次数:map[2:1],中奖线得分：0
中奖线:[1 2 1 0 1],展示的图标:[[5 2 2] [7 0 0] [6 5 5] [2 2 0] [9 22 22]],中奖图标次数:map[2:1],中奖线得分：0
中奖线:[2 1 1 1 2],展示的图标:[[5 2 2] [7 0 0] [6 5 5] [2 2 0] [9 22 22]],中奖图标次数:map[2:1],中奖线得分：0
中奖线:[0 1 1 1 0],展示的图标:[[5 2 2] [7 0 0] [6 5 5] [2 2 0] [9 22 22]],中奖图标次数:map[5:1],中奖线得分：0
中奖线:[2 1 2 1 2],展示的图标:[[5 2 2] [7 0 0] [6 5 5] [2 2 0] [9 22 22]],中奖图标次数:map[2:1],中奖线得分：0
中奖线:[0 1 0 1 0],展示的图标:[[5 2 2] [7 0 0] [6 5 5] [2 2 0] [9 22 22]],中奖图标次数:map[5:1],中奖线得分：0
中奖线:[1 1 2 1 1],展示的图标:[[5 2 2] [7 0 0] [6 5 5] [2 2 0] [9 22 22]],中奖图标次数:map[2:1],中奖线得分：0
中奖线:[1 1 0 1 1],展示的图标:[[5 2 2] [7 0 0] [6 5 5] [2 2 0] [9 22 22]],中奖图标次数:map[2:1],中奖线得分：0
中奖线:[2 2 0 2 2],展示的图标:[[5 2 2] [7 0 0] [6 5 5] [2 2 0] [9 22 22]],中奖图标次数:map[2:1],中奖线得分：0
中奖线:[0 0 2 0 0],展示的图标:[[5 2 2] [7 0 0] [6 5 5] [2 2 0] [9 22 22]],中奖图标次数:map[5:1],中奖线得分：0
中奖线:[2 0 0 0 2],展示的图标:[[5 2 2] [7 0 0] [6 5 5] [2 2 0] [9 22 22]],中奖图标次数:map[2:1],中奖线得分：0
中奖线:[0 2 2 2 0],展示的图标:[[5 2 2] [7 0 0] [6 5 5] [2 2 0] [9 22 22]],中奖图标次数:map[5:1],中奖线得分：0
中奖线:[1 0 2 0 1],展示的图标:[[5 2 2] [7 0 0] [6 5 5] [2 2 0] [9 22 22]],中奖图标次数:map[2:1],中奖线得分：0
中奖线:[1 2 0 2 1],展示的图标:[[5 2 2] [7 0 0] [6 5 5] [2 2 0] [9 22 22]],中奖图标次数:map[2:1],中奖线得分：0
中奖线:[2 0 2 0 2],展示的图标:[[5 2 2] [7 0 0] [6 5 5] [2 2 0] [9 22 22]],中奖图标次数:map[2:1],中奖线得分：0
中奖线:[0 2 0 2 0],展示的图标:[[5 2 2] [7 0 0] [6 5 5] [2 2 0] [9 22 22]],中奖图标次数:map[5:1],中奖线得分：0
中奖线:[0 2 1 0 2],展示的图标:[[5 2 2] [7 0 0] [6 5 5] [2 2 0] [9 22 22]],中奖图标次数:map[5:1],中奖线得分：0
中奖线:[2 0 1 2 0],展示的图标:[[5 2 2] [7 0 0] [6 5 5] [2 2 0] [9 22 22]],中奖图标次数:map[2:1],中奖线得分：0
中奖线:[2 0 1 0 2],展示的图标:[[5 2 2] [7 0 0] [6 5 5] [2 2 0] [9 22 22]],中奖图标次数:map[2:1],中奖线得分：0
中奖线:[0 2 1 2 0],展示的图标:[[5 2 2] [7 0 0] [6 5 5] [2 2 0] [9 22 22]],中奖图标次数:map[5:1],中奖线得分：0
中奖线:[0 1 2 2 1],展示的图标:[[5 2 2] [7 0 0] [6 5 5] [2 2 0] [9 22 22]],中奖图标次数:map[5:1],中奖线得分：0
中奖线:[2 1 0 0 1],展示的图标:[[5 2 2] [7 0 0] [6 5 5] [2 2 0] [9 22 22]],中奖图标次数:map[2:1],中奖线得分：0
中奖线:[2 2 0 0 0],展示的图标:[[5 2 2] [7 0 0] [6 5 5] [2 2 0] [9 22 22]],中奖图标次数:map[2:1],中奖线得分：0
中奖线:[0 0 2 2 2],展示的图标:[[5 2 2] [7 0 0] [6 5 5] [2 2 0] [9 22 22]],中奖图标次数:map[5:1],中奖线得分：0
中奖线:[1 2 0 1 0],展示的图标:[[5 2 2] [7 0 0] [6 5 5] [2 2 0] [9 22 22]],中奖图标次数:map[2:1],中奖线得分：0
中奖线:[1 0 2 1 2],展示的图标:[[5 2 2] [7 0 0] [6 5 5] [2 2 0] [9 22 22]],中奖图标次数:map[2:1],中奖线得分：0
中奖线:[2 1 2 1 0],展示的图标:[[5 2 2] [7 0 0] [6 5 5] [2 2 0] [9 22 22]],中奖图标次数:map[2:1],中奖线得分：0
中奖线:[0 1 0 1 2],展示的图标:[[5 2 2] [7 0 0] [6 5 5] [2 2 0] [9 22 22]],中奖图标次数:map[5:1],中奖线得分：0
中奖线:[1 0 0 2 2],展示的图标:[[5 2 2] [7 0 0] [6 5 5] [2 2 0] [9 22 22]],中奖图标次数:map[2:1],中奖线得分：0
中奖线:[2 2 1 1 0],展示的图标:[[5 2 2] [7 0 0] [6 5 5] [2 2 0] [9 22 22]],中奖图标次数:map[2:1],中奖线得分：0
中奖线:[0 0 0 0 0],展示的图标:[[5 2 2] [7 0 0] [6 5 5] [2 2 0] [9 22 22]],中奖图标次数:map[5:1],中奖线得分：0
中奖线:[0 0 1 1 2],展示的图标:[[5 2 2] [7 0 0] [6 5 5] [2 2 0] [9 22 22]],中奖图标次数:map[5:1],中奖线得分：0
中奖线:[0 2 2 2 2],展示的图标:[[5 2 2] [7 0 0] [6 5 5] [2 2 0] [9 22 22]],中奖图标次数:map[5:1],中奖线得分：0
中奖线:[2 0 0 0 0],展示的图标:[[5 2 2] [7 0 0] [6 5 5] [2 2 0] [9 22 22]],中奖图标次数:map[2:1],中奖线得分：0
中奖线:[0 0 0 0 2],展示的图标:[[5 2 2] [7 0 0] [6 5 5] [2 2 0] [9 22 22]],中奖图标次数:map[5:1],中奖线得分：0
中奖线:[2 2 2 2 0],展示的图标:[[5 2 2] [7 0 0] [6 5 5] [2 2 0] [9 22 22]],中奖图标次数:map[2:1],中奖线得分：0
中奖线:[1 2 1 2 1],展示的图标:[[5 2 2] [7 0 0] [6 5 5] [2 2 0] [9 22 22]],中奖图标次数:map[2:1],中奖线得分：0
中奖线:[1 0 1 0 1],展示的图标:[[5 2 2] [7 0 0] [6 5 5] [2 2 0] [9 22 22]],中奖图标次数:map[2:1],中奖线得分：0
中奖线:[2 1 0 0 0],展示的图标:[[5 2 2] [7 0 0] [6 5 5] [2 2 0] [9 22 22]],中奖图标次数:map[2:1],中奖线得分：0
中奖线:[0 1 2 2 2],展示的图标:[[5 2 2] [7 0 0] [6 5 5] [2 2 0] [9 22 22]],中奖图标次数:map[5:1],中奖线得分：0
中奖线:[2 1 1 1 1],展示的图标:[[5 2 2] [7 0 0] [6 5 5] [2 2 0] [9 22 22]],中奖图标次数:map[2:1],中奖线得分：0
中奖线:[1 1 1 1 1],展示的图标:[[4 5 1] [0 0 0] [7 9 20] [2 0 20] [6 20 20]],中奖图标次数:map[5:1],中奖线得分：0
中奖线:[2 2 2 2 2],展示的图标:[[4 5 1] [0 0 0] [7 9 20] [2 0 20] [6 20 20]],中奖图标次数:map[1:1],中奖线得分：0
中奖线:[0 0 0 0 0],展示的图标:[[4 5 1] [0 0 0] [7 9 20] [2 0 20] [6 20 20]],中奖图标次数:map[4:1],中奖线得分：0
中奖线:[2 1 0 1 2],展示的图标:[[4 5 1] [0 0 0] [7 9 20] [2 0 20] [6 20 20]],中奖图标次数:map[1:1],中奖线得分：0
中奖线:[0 1 2 1 0],展示的图标:[[4 5 1] [0 0 0] [7 9 20] [2 0 20] [6 20 20]],中奖图标次数:map[4:1],中奖线得分：0
中奖线:[1 2 2 2 1],展示的图标:[[4 5 1] [0 0 0] [7 9 20] [2 0 20] [6 20 20]],中奖图标次数:map[5:1],中奖线得分：0
中奖线:[1 0 0 0 1],展示的图标:[[4 5 1] [0 0 0] [7 9 20] [2 0 20] [6 20 20]],中奖图标次数:map[5:1],中奖线得分：0
中奖线:[2 2 1 0 0],展示的图标:[[4 5 1] [0 0 0] [7 9 20] [2 0 20] [6 20 20]],中奖图标次数:map[1:1],中奖线得分：0
中奖线:[0 0 1 2 2],展示的图标:[[4 5 1] [0 0 0] [7 9 20] [2 0 20] [6 20 20]],中奖图标次数:map[4:1],中奖线得分：0
中奖线:[1 0 1 2 1],展示的图标:[[4 5 1] [0 0 0] [7 9 20] [2 0 20] [6 20 20]],中奖图标次数:map[5:1],中奖线得分：0
中奖线:[1 2 1 0 1],展示的图标:[[4 5 1] [0 0 0] [7 9 20] [2 0 20] [6 20 20]],中奖图标次数:map[5:1],中奖线得分：0
中奖线:[2 1 1 1 2],展示的图标:[[4 5 1] [0 0 0] [7 9 20] [2 0 20] [6 20 20]],中奖图标次数:map[1:1],中奖线得分：0
中奖线:[0 1 1 1 0],展示的图标:[[4 5 1] [0 0 0] [7 9 20] [2 0 20] [6 20 20]],中奖图标次数:map[4:1],中奖线得分：0
中奖线:[2 1 2 1 2],展示的图标:[[4 5 1] [0 0 0] [7 9 20] [2 0 20] [6 20 20]],中奖图标次数:map[1:1],中奖线得分：0
中奖线:[0 1 0 1 0],展示的图标:[[4 5 1] [0 0 0] [7 9 20] [2 0 20] [6 20 20]],中奖图标次数:map[4:1],中奖线得分：0
中奖线:[1 1 2 1 1],展示的图标:[[4 5 1] [0 0 0] [7 9 20] [2 0 20] [6 20 20]],中奖图标次数:map[5:1],中奖线得分：0
中奖线:[1 1 0 1 1],展示的图标:[[4 5 1] [0 0 0] [7 9 20] [2 0 20] [6 20 20]],中奖图标次数:map[5:1],中奖线得分：0
中奖线:[2 2 0 2 2],展示的图标:[[4 5 1] [0 0 0] [7 9 20] [2 0 20] [6 20 20]],中奖图标次数:map[1:1],中奖线得分：0
中奖线:[0 0 2 0 0],展示的图标:[[4 5 1] [0 0 0] [7 9 20] [2 0 20] [6 20 20]],中奖图标次数:map[4:1],中奖线得分：0
中奖线:[2 0 0 0 2],展示的图标:[[4 5 1] [0 0 0] [7 9 20] [2 0 20] [6 20 20]],中奖图标次数:map[1:1],中奖线得分：0
中奖线:[0 2 2 2 0],展示的图标:[[4 5 1] [0 0 0] [7 9 20] [2 0 20] [6 20 20]],中奖图标次数:map[4:1],中奖线得分：0
中奖线:[1 0 2 0 1],展示的图标:[[4 5 1] [0 0 0] [7 9 20] [2 0 20] [6 20 20]],中奖图标次数:map[5:1],中奖线得分：0
中奖线:[1 2 0 2 1],展示的图标:[[4 5 1] [0 0 0] [7 9 20] [2 0 20] [6 20 20]],中奖图标次数:map[5:1],中奖线得分：0
中奖线:[2 0 2 0 2],展示的图标:[[4 5 1] [0 0 0] [7 9 20] [2 0 20] [6 20 20]],中奖图标次数:map[1:1],中奖线得分：0
中奖线:[0 2 0 2 0],展示的图标:[[4 5 1] [0 0 0] [7 9 20] [2 0 20] [6 20 20]],中奖图标次数:map[4:1],中奖线得分：0
中奖线:[0 2 1 0 2],展示的图标:[[4 5 1] [0 0 0] [7 9 20] [2 0 20] [6 20 20]],中奖图标次数:map[4:1],中奖线得分：0
中奖线:[2 0 1 2 0],展示的图标:[[4 5 1] [0 0 0] [7 9 20] [2 0 20] [6 20 20]],中奖图标次数:map[1:1],中奖线得分：0
中奖线:[2 0 1 0 2],展示的图标:[[4 5 1] [0 0 0] [7 9 20] [2 0 20] [6 20 20]],中奖图标次数:map[1:1],中奖线得分：0
中奖线:[0 2 1 2 0],展示的图标:[[4 5 1] [0 0 0] [7 9 20] [2 0 20] [6 20 20]],中奖图标次数:map[4:1],中奖线得分：0
中奖线:[0 1 2 2 1],展示的图标:[[4 5 1] [0 0 0] [7 9 20] [2 0 20] [6 20 20]],中奖图标次数:map[4:1],中奖线得分：0
中奖线:[2 1 0 0 1],展示的图标:[[4 5 1] [0 0 0] [7 9 20] [2 0 20] [6 20 20]],中奖图标次数:map[1:1],中奖线得分：0
中奖线:[2 2 0 0 0],展示的图标:[[4 5 1] [0 0 0] [7 9 20] [2 0 20] [6 20 20]],中奖图标次数:map[1:1],中奖线得分：0
中奖线:[0 0 2 2 2],展示的图标:[[4 5 1] [0 0 0] [7 9 20] [2 0 20] [6 20 20]],中奖图标次数:map[4:1],中奖线得分：0
中奖线:[1 2 0 1 0],展示的图标:[[4 5 1] [0 0 0] [7 9 20] [2 0 20] [6 20 20]],中奖图标次数:map[5:1],中奖线得分：0
中奖线:[1 0 2 1 2],展示的图标:[[4 5 1] [0 0 0] [7 9 20] [2 0 20] [6 20 20]],中奖图标次数:map[5:1],中奖线得分：0
中奖线:[2 1 2 1 0],展示的图标:[[4 5 1] [0 0 0] [7 9 20] [2 0 20] [6 20 20]],中奖图标次数:map[1:1],中奖线得分：0
中奖线:[0 1 0 1 2],展示的图标:[[4 5 1] [0 0 0] [7 9 20] [2 0 20] [6 20 20]],中奖图标次数:map[4:1],中奖线得分：0
中奖线:[1 0 0 2 2],展示的图标:[[4 5 1] [0 0 0] [7 9 20] [2 0 20] [6 20 20]],中奖图标次数:map[5:1],中奖线得分：0
中奖线:[2 2 1 1 0],展示的图标:[[4 5 1] [0 0 0] [7 9 20] [2 0 20] [6 20 20]],中奖图标次数:map[1:1],中奖线得分：0
中奖线:[0 0 0 0 0],展示的图标:[[4 5 1] [0 0 0] [7 9 20] [2 0 20] [6 20 20]],中奖图标次数:map[4:1],中奖线得分：0
中奖线:[0 0 1 1 2],展示的图标:[[4 5 1] [0 0 0] [7 9 20] [2 0 20] [6 20 20]],中奖图标次数:map[4:1],中奖线得分：0
中奖线:[0 2 2 2 2],展示的图标:[[4 5 1] [0 0 0] [7 9 20] [2 0 20] [6 20 20]],中奖图标次数:map[4:1],中奖线得分：0
中奖线:[2 0 0 0 0],展示的图标:[[4 5 1] [0 0 0] [7 9 20] [2 0 20] [6 20 20]],中奖图标次数:map[1:1],中奖线得分：0
中奖线:[0 0 0 0 2],展示的图标:[[4 5 1] [0 0 0] [7 9 20] [2 0 20] [6 20 20]],中奖图标次数:map[4:1],中奖线得分：0
中奖线:[2 2 2 2 0],展示的图标:[[4 5 1] [0 0 0] [7 9 20] [2 0 20] [6 20 20]],中奖图标次数:map[1:1],中奖线得分：0
中奖线:[1 2 1 2 1],展示的图标:[[4 5 1] [0 0 0] [7 9 20] [2 0 20] [6 20 20]],中奖图标次数:map[5:1],中奖线得分：0
中奖线:[1 0 1 0 1],展示的图标:[[4 5 1] [0 0 0] [7 9 20] [2 0 20] [6 20 20]],中奖图标次数:map[5:1],中奖线得分：0
中奖线:[2 1 0 0 0],展示的图标:[[4 5 1] [0 0 0] [7 9 20] [2 0 20] [6 20 20]],中奖图标次数:map[1:1],中奖线得分：0
中奖线:[0 1 2 2 2],展示的图标:[[4 5 1] [0 0 0] [7 9 20] [2 0 20] [6 20 20]],中奖图标次数:map[4:1],中奖线得分：0
中奖线:[2 1 1 1 1],展示的图标:[[4 5 1] [0 0 0] [7 9 20] [2 0 20] [6 20 20]],中奖图标次数:map[1:1],中奖线得分：0
中奖线:[1 1 1 1 1],展示的图标:[[0 0 5] [0 0 2] [1 1 1] [2 3 4] [6 3 21]],中奖图标次数:map[0:2],中奖线得分：3
中奖线:[2 2 2 2 2],展示的图标:[[0 0 5] [0 0 2] [1 1 1] [2 3 4] [6 3 21]],中奖图标次数:map[5:1],中奖线得分：0
中奖线:[0 0 0 0 0],展示的图标:[[0 0 5] [0 0 2] [1 1 1] [2 3 4] [6 3 21]],中奖图标次数:map[0:2],中奖线得分：3
中奖线:[2 1 0 1 2],展示的图标:[[0 0 5] [0 0 2] [1 1 1] [2 3 4] [6 3 21]],中奖图标次数:map[5:1],中奖线得分：0
中奖线:[0 1 2 1 0],展示的图标:[[0 0 5] [0 0 2] [1 1 1] [2 3 4] [6 3 21]],中奖图标次数:map[0:2],中奖线得分：3
中奖线:[1 2 2 2 1],展示的图标:[[0 0 5] [0 0 2] [1 1 1] [2 3 4] [6 3 21]],中奖图标次数:map[0:1],中奖线得分：0
中奖线:[1 0 0 0 1],展示的图标:[[0 0 5] [0 0 2] [1 1 1] [2 3 4] [6 3 21]],中奖图标次数:map[0:2],中奖线得分：3
中奖线:[2 2 1 0 0],展示的图标:[[0 0 5] [0 0 2] [1 1 1] [2 3 4] [6 3 21]],中奖图标次数:map[5:1],中奖线得分：0
中奖线:[0 0 1 2 2],展示的图标:[[0 0 5] [0 0 2] [1 1 1] [2 3 4] [6 3 21]],中奖图标次数:map[0:2],中奖线得分：3
中奖线:[1 0 1 2 1],展示的图标:[[0 0 5] [0 0 2] [1 1 1] [2 3 4] [6 3 21]],中奖图标次数:map[0:2],中奖线得分：3
中奖线:[1 2 1 0 1],展示的图标:[[0 0 5] [0 0 2] [1 1 1] [2 3 4] [6 3 21]],中奖图标次数:map[0:1],中奖线得分：0
中奖线:[2 1 1 1 2],展示的图标:[[0 0 5] [0 0 2] [1 1 1] [2 3 4] [6 3 21]],中奖图标次数:map[5:1],中奖线得分：0
中奖线:[0 1 1 1 0],展示的图标:[[0 0 5] [0 0 2] [1 1 1] [2 3 4] [6 3 21]],中奖图标次数:map[0:2],中奖线得分：3
中奖线:[2 1 2 1 2],展示的图标:[[0 0 5] [0 0 2] [1 1 1] [2 3 4] [6 3 21]],中奖图标次数:map[5:1],中奖线得分：0
中奖线:[0 1 0 1 0],展示的图标:[[0 0 5] [0 0 2] [1 1 1] [2 3 4] [6 3 21]],中奖图标次数:map[0:2],中奖线得分：3
中奖线:[1 1 2 1 1],展示的图标:[[0 0 5] [0 0 2] [1 1 1] [2 3 4] [6 3 21]],中奖图标次数:map[0:2],中奖线得分：3
中奖线:[1 1 0 1 1],展示的图标:[[0 0 5] [0 0 2] [1 1 1] [2 3 4] [6 3 21]],中奖图标次数:map[0:2],中奖线得分：3
中奖线:[2 2 0 2 2],展示的图标:[[0 0 5] [0 0 2] [1 1 1] [2 3 4] [6 3 21]],中奖图标次数:map[5:1],中奖线得分：0
中奖线:[0 0 2 0 0],展示的图标:[[0 0 5] [0 0 2] [1 1 1] [2 3 4] [6 3 21]],中奖图标次数:map[0:2],中奖线得分：3
中奖线:[2 0 0 0 2],展示的图标:[[0 0 5] [0 0 2] [1 1 1] [2 3 4] [6 3 21]],中奖图标次数:map[5:1],中奖线得分：0
中奖线:[0 2 2 2 0],展示的图标:[[0 0 5] [0 0 2] [1 1 1] [2 3 4] [6 3 21]],中奖图标次数:map[0:1],中奖线得分：0
中奖线:[1 0 2 0 1],展示的图标:[[0 0 5] [0 0 2] [1 1 1] [2 3 4] [6 3 21]],中奖图标次数:map[0:2],中奖线得分：3
中奖线:[1 2 0 2 1],展示的图标:[[0 0 5] [0 0 2] [1 1 1] [2 3 4] [6 3 21]],中奖图标次数:map[0:1],中奖线得分：0
中奖线:[2 0 2 0 2],展示的图标:[[0 0 5] [0 0 2] [1 1 1] [2 3 4] [6 3 21]],中奖图标次数:map[5:1],中奖线得分：0
中奖线:[0 2 0 2 0],展示的图标:[[0 0 5] [0 0 2] [1 1 1] [2 3 4] [6 3 21]],中奖图标次数:map[0:1],中奖线得分：0
中奖线:[0 2 1 0 2],展示的图标:[[0 0 5] [0 0 2] [1 1 1] [2 3 4] [6 3 21]],中奖图标次数:map[0:1],中奖线得分：0
中奖线:[2 0 1 2 0],展示的图标:[[0 0 5] [0 0 2] [1 1 1] [2 3 4] [6 3 21]],中奖图标次数:map[5:1],中奖线得分：0
中奖线:[2 0 1 0 2],展示的图标:[[0 0 5] [0 0 2] [1 1 1] [2 3 4] [6 3 21]],中奖图标次数:map[5:1],中奖线得分：0
中奖线:[0 2 1 2 0],展示的图标:[[0 0 5] [0 0 2] [1 1 1] [2 3 4] [6 3 21]],中奖图标次数:map[0:1],中奖线得分：0
中奖线:[0 1 2 2 1],展示的图标:[[0 0 5] [0 0 2] [1 1 1] [2 3 4] [6 3 21]],中奖图标次数:map[0:2],中奖线得分：3
中奖线:[2 1 0 0 1],展示的图标:[[0 0 5] [0 0 2] [1 1 1] [2 3 4] [6 3 21]],中奖图标次数:map[5:1],中奖线得分：0
中奖线:[2 2 0 0 0],展示的图标:[[0 0 5] [0 0 2] [1 1 1] [2 3 4] [6 3 21]],中奖图标次数:map[5:1],中奖线得分：0
中奖线:[0 0 2 2 2],展示的图标:[[0 0 5] [0 0 2] [1 1 1] [2 3 4] [6 3 21]],中奖图标次数:map[0:2],中奖线得分：3
中奖线:[1 2 0 1 0],展示的图标:[[0 0 5] [0 0 2] [1 1 1] [2 3 4] [6 3 21]],中奖图标次数:map[0:1],中奖线得分：0
中奖线:[1 0 2 1 2],展示的图标:[[0 0 5] [0 0 2] [1 1 1] [2 3 4] [6 3 21]],中奖图标次数:map[0:2],中奖线得分：3
中奖线:[2 1 2 1 0],展示的图标:[[0 0 5] [0 0 2] [1 1 1] [2 3 4] [6 3 21]],中奖图标次数:map[5:1],中奖线得分：0
中奖线:[0 1 0 1 2],展示的图标:[[0 0 5] [0 0 2] [1 1 1] [2 3 4] [6 3 21]],中奖图标次数:map[0:2],中奖线得分：3
中奖线:[1 0 0 2 2],展示的图标:[[0 0 5] [0 0 2] [1 1 1] [2 3 4] [6 3 21]],中奖图标次数:map[0:2],中奖线得分：3
中奖线:[2 2 1 1 0],展示的图标:[[0 0 5] [0 0 2] [1 1 1] [2 3 4] [6 3 21]],中奖图标次数:map[5:1],中奖线得分：0
中奖线:[0 0 0 0 0],展示的图标:[[0 0 5] [0 0 2] [1 1 1] [2 3 4] [6 3 21]],中奖图标次数:map[0:2],中奖线得分：3
中奖线:[0 0 1 1 2],展示的图标:[[0 0 5] [0 0 2] [1 1 1] [2 3 4] [6 3 21]],中奖图标次数:map[0:2],中奖线得分：3
中奖线:[0 2 2 2 2],展示的图标:[[0 0 5] [0 0 2] [1 1 1] [2 3 4] [6 3 21]],中奖图标次数:map[0:1],中奖线得分：0
中奖线:[2 0 0 0 0],展示的图标:[[0 0 5] [0 0 2] [1 1 1] [2 3 4] [6 3 21]],中奖图标次数:map[5:1],中奖线得分：0
中奖线:[0 0 0 0 2],展示的图标:[[0 0 5] [0 0 2] [1 1 1] [2 3 4] [6 3 21]],中奖图标次数:map[0:2],中奖线得分：3
中奖线:[2 2 2 2 0],展示的图标:[[0 0 5] [0 0 2] [1 1 1] [2 3 4] [6 3 21]],中奖图标次数:map[5:1],中奖线得分：0
中奖线:[1 2 1 2 1],展示的图标:[[0 0 5] [0 0 2] [1 1 1] [2 3 4] [6 3 21]],中奖图标次数:map[0:1],中奖线得分：0
中奖线:[1 0 1 0 1],展示的图标:[[0 0 5] [0 0 2] [1 1 1] [2 3 4] [6 3 21]],中奖图标次数:map[0:2],中奖线得分：3
中奖线:[2 1 0 0 0],展示的图标:[[0 0 5] [0 0 2] [1 1 1] [2 3 4] [6 3 21]],中奖图标次数:map[5:1],中奖线得分：0
中奖线:[0 1 2 2 2],展示的图标:[[0 0 5] [0 0 2] [1 1 1] [2 3 4] [6 3 21]],中奖图标次数:map[0:2],中奖线得分：3
中奖线:[2 1 1 1 1],展示的图标:[[0 0 5] [0 0 2] [1 1 1] [2 3 4] [6 3 21]],中奖图标次数:map[5:1],中奖线得分：0
中奖线:[1 1 1 1 1],展示的图标:[[1 0 0] [0 0 0] [4 4 4] [20 20 20] [22 1 3]],中奖图标次数:map[0:2],中奖线得分：3
中奖线:[2 2 2 2 2],展示的图标:[[1 0 0] [0 0 0] [4 4 4] [20 20 20] [22 1 3]],中奖图标次数:map[0:2],中奖线得分：3
中奖线:[0 0 0 0 0],展示的图标:[[1 0 0] [0 0 0] [4 4 4] [20 20 20] [22 1 3]],中奖图标次数:map[1:1],中奖线得分：0
中奖线:[2 1 0 1 2],展示的图标:[[1 0 0] [0 0 0] [4 4 4] [20 20 20] [22 1 3]],中奖图标次数:map[0:2],中奖线得分：3
中奖线:[0 1 2 1 0],展示的图标:[[1 0 0] [0 0 0] [4 4 4] [20 20 20] [22 1 3]],中奖图标次数:map[1:1],中奖线得分：0
中奖线:[1 2 2 2 1],展示的图标:[[1 0 0] [0 0 0] [4 4 4] [20 20 20] [22 1 3]],中奖图标次数:map[0:2],中奖线得分：3
中奖线:[1 0 0 0 1],展示的图标:[[1 0 0] [0 0 0] [4 4 4] [20 20 20] [22 1 3]],中奖图标次数:map[0:2],中奖线得分：3
中奖线:[2 2 1 0 0],展示的图标:[[1 0 0] [0 0 0] [4 4 4] [20 20 20] [22 1 3]],中奖图标次数:map[0:2],中奖线得分：3
中奖线:[0 0 1 2 2],展示的图标:[[1 0 0] [0 0 0] [4 4 4] [20 20 20] [22 1 3]],中奖图标次数:map[1:1],中奖线得分：0
中奖线:[1 0 1 2 1],展示的图标:[[1 0 0] [0 0 0] [4 4 4] [20 20 20] [22 1 3]],中奖图标次数:map[0:2],中奖线得分：3
中奖线:[1 2 1 0 1],展示的图标:[[1 0 0] [0 0 0] [4 4 4] [20 20 20] [22 1 3]],中奖图标次数:map[0:2],中奖线得分：3
中奖线:[2 1 1 1 2],展示的图标:[[1 0 0] [0 0 0] [4 4 4] [20 20 20] [22 1 3]],中奖图标次数:map[0:2],中奖线得分：3
中奖线:[0 1 1 1 0],展示的图标:[[1 0 0] [0 0 0] [4 4 4] [20 20 20] [22 1 3]],中奖图标次数:map[1:1],中奖线得分：0
中奖线:[2 1 2 1 2],展示的图标:[[1 0 0] [0 0 0] [4 4 4] [20 20 20] [22 1 3]],中奖图标次数:map[0:2],中奖线得分：3
中奖线:[0 1 0 1 0],展示的图标:[[1 0 0] [0 0 0] [4 4 4] [20 20 20] [22 1 3]],中奖图标次数:map[1:1],中奖线得分：0
中奖线:[1 1 2 1 1],展示的图标:[[1 0 0] [0 0 0] [4 4 4] [20 20 20] [22 1 3]],中奖图标次数:map[0:2],中奖线得分：3
中奖线:[1 1 0 1 1],展示的图标:[[1 0 0] [0 0 0] [4 4 4] [20 20 20] [22 1 3]],中奖图标次数:map[0:2],中奖线得分：3
中奖线:[2 2 0 2 2],展示的图标:[[1 0 0] [0 0 0] [4 4 4] [20 20 20] [22 1 3]],中奖图标次数:map[0:2],中奖线得分：3
中奖线:[0 0 2 0 0],展示的图标:[[1 0 0] [0 0 0] [4 4 4] [20 20 20] [22 1 3]],中奖图标次数:map[1:1],中奖线得分：0
中奖线:[2 0 0 0 2],展示的图标:[[1 0 0] [0 0 0] [4 4 4] [20 20 20] [22 1 3]],中奖图标次数:map[0:2],中奖线得分：3
中奖线:[0 2 2 2 0],展示的图标:[[1 0 0] [0 0 0] [4 4 4] [20 20 20] [22 1 3]],中奖图标次数:map[1:1],中奖线得分：0
中奖线:[1 0 2 0 1],展示的图标:[[1 0 0] [0 0 0] [4 4 4] [20 20 20] [22 1 3]],中奖图标次数:map[0:2],中奖线得分：3
中奖线:[1 2 0 2 1],展示的图标:[[1 0 0] [0 0 0] [4 4 4] [20 20 20] [22 1 3]],中奖图标次数:map[0:2],中奖线得分：3
中奖线:[2 0 2 0 2],展示的图标:[[1 0 0] [0 0 0] [4 4 4] [20 20 20] [22 1 3]],中奖图标次数:map[0:2],中奖线得分：3
中奖线:[0 2 0 2 0],展示的图标:[[1 0 0] [0 0 0] [4 4 4] [20 20 20] [22 1 3]],中奖图标次数:map[1:1],中奖线得分：0
中奖线:[0 2 1 0 2],展示的图标:[[1 0 0] [0 0 0] [4 4 4] [20 20 20] [22 1 3]],中奖图标次数:map[1:1],中奖线得分：0
中奖线:[2 0 1 2 0],展示的图标:[[1 0 0] [0 0 0] [4 4 4] [20 20 20] [22 1 3]],中奖图标次数:map[0:2],中奖线得分：3
中奖线:[2 0 1 0 2],展示的图标:[[1 0 0] [0 0 0] [4 4 4] [20 20 20] [22 1 3]],中奖图标次数:map[0:2],中奖线得分：3
中奖线:[0 2 1 2 0],展示的图标:[[1 0 0] [0 0 0] [4 4 4] [20 20 20] [22 1 3]],中奖图标次数:map[1:1],中奖线得分：0
中奖线:[0 1 2 2 1],展示的图标:[[1 0 0] [0 0 0] [4 4 4] [20 20 20] [22 1 3]],中奖图标次数:map[1:1],中奖线得分：0
中奖线:[2 1 0 0 1],展示的图标:[[1 0 0] [0 0 0] [4 4 4] [20 20 20] [22 1 3]],中奖图标次数:map[0:2],中奖线得分：3
中奖线:[2 2 0 0 0],展示的图标:[[1 0 0] [0 0 0] [4 4 4] [20 20 20] [22 1 3]],中奖图标次数:map[0:2],中奖线得分：3
中奖线:[0 0 2 2 2],展示的图标:[[1 0 0] [0 0 0] [4 4 4] [20 20 20] [22 1 3]],中奖图标次数:map[1:1],中奖线得分：0
中奖线:[1 2 0 1 0],展示的图标:[[1 0 0] [0 0 0] [4 4 4] [20 20 20] [22 1 3]],中奖图标次数:map[0:2],中奖线得分：3
中奖线:[1 0 2 1 2],展示的图标:[[1 0 0] [0 0 0] [4 4 4] [20 20 20] [22 1 3]],中奖图标次数:map[0:2],中奖线得分：3
中奖线:[2 1 2 1 0],展示的图标:[[1 0 0] [0 0 0] [4 4 4] [20 20 20] [22 1 3]],中奖图标次数:map[0:2],中奖线得分：3
中奖线:[0 1 0 1 2],展示的图标:[[1 0 0] [0 0 0] [4 4 4] [20 20 20] [22 1 3]],中奖图标次数:map[1:1],中奖线得分：0
中奖线:[1 0 0 2 2],展示的图标:[[1 0 0] [0 0 0] [4 4 4] [20 20 20] [22 1 3]],中奖图标次数:map[0:2],中奖线得分：3
中奖线:[2 2 1 1 0],展示的图标:[[1 0 0] [0 0 0] [4 4 4] [20 20 20] [22 1 3]],中奖图标次数:map[0:2],中奖线得分：3
中奖线:[0 0 0 0 0],展示的图标:[[1 0 0] [0 0 0] [4 4 4] [20 20 20] [22 1 3]],中奖图标次数:map[1:1],中奖线得分：0
中奖线:[0 0 1 1 2],展示的图标:[[1 0 0] [0 0 0] [4 4 4] [20 20 20] [22 1 3]],中奖图标次数:map[1:1],中奖线得分：0
中奖线:[0 2 2 2 2],展示的图标:[[1 0 0] [0 0 0] [4 4 4] [20 20 20] [22 1 3]],中奖图标次数:map[1:1],中奖线得分：0
中奖线:[2 0 0 0 0],展示的图标:[[1 0 0] [0 0 0] [4 4 4] [20 20 20] [22 1 3]],中奖图标次数:map[0:2],中奖线得分：3
中奖线:[0 0 0 0 2],展示的图标:[[1 0 0] [0 0 0] [4 4 4] [20 20 20] [22 1 3]],中奖图标次数:map[1:1],中奖线得分：0
中奖线:[2 2 2 2 0],展示的图标:[[1 0 0] [0 0 0] [4 4 4] [20 20 20] [22 1 3]],中奖图标次数:map[0:2],中奖线得分：3
中奖线:[1 2 1 2 1],展示的图标:[[1 0 0] [0 0 0] [4 4 4] [20 20 20] [22 1 3]],中奖图标次数:map[0:2],中奖线得分：3
中奖线:[1 0 1 0 1],展示的图标:[[1 0 0] [0 0 0] [4 4 4] [20 20 20] [22 1 3]],中奖图标次数:map[0:2],中奖线得分：3
中奖线:[2 1 0 0 0],展示的图标:[[1 0 0] [0 0 0] [4 4 4] [20 20 20] [22 1 3]],中奖图标次数:map[0:2],中奖线得分：3
中奖线:[0 1 2 2 2],展示的图标:[[1 0 0] [0 0 0] [4 4 4] [20 20 20] [22 1 3]],中奖图标次数:map[1:1],中奖线得分：0
中奖线:[2 1 1 1 1],展示的图标:[[1 0 0] [0 0 0] [4 4 4] [20 20 20] [22 1 3]],中奖图标次数:map[0:2],中奖线得分：3
图标20中1的次数为18,平均出现几率：0.036
图标20中2的次数为0,平均出现几率：0
图标20中3的次数为0,平均出现几率：0
图标20中4的次数为0,平均出现几率：0
图标20中5的次数为0,平均出现几率：0
图标1中4的次数为0,平均出现几率：0
图标1中5的次数为0,平均出现几率：0
图标1中1的次数为72,平均出现几率：0.144
图标1中2的次数为0,平均出现几率：0
图标1中3的次数为0,平均出现几率：0
图标8中5的次数为0,平均出现几率：0
图标8中1的次数为28,平均出现几率：0.056
图标8中2的次数为0,平均出现几率：0
图标8中3的次数为0,平均出现几率：0
图标8中4的次数为0,平均出现几率：0
图标9中1的次数为13,平均出现几率：0.026
图标9中2的次数为5,平均出现几率：0.01
图标9中3的次数为0,平均出现几率：0
图标9中4的次数为0,平均出现几率：0
图标9中5的次数为0,平均出现几率：0
图标2中3的次数为0,平均出现几率：0
图标2中4的次数为0,平均出现几率：0
图标2中5的次数为0,平均出现几率：0
图标2中1的次数为82,平均出现几率：0.164
图标2中2的次数为0,平均出现几率：0
图标3中5的次数为0,平均出现几率：0
图标3中1的次数为18,平均出现几率：0.036
图标3中2的次数为5,平均出现几率：0.01
图标3中3的次数为0,平均出现几率：0
图标3中4的次数为0,平均出现几率：0
图标0中4的次数为0,平均出现几率：0
图标0中5的次数为0,平均出现几率：0
图标0中1的次数为92,平均出现几率：0.184
图标0中2的次数为54,平均出现几率：0.108
图标0中3的次数为0,平均出现几率：0
图标4中1的次数为31,平均出现几率：0.062
图标4中2的次数为11,平均出现几率：0.022
图标4中3的次数为0,平均出现几率：0
图标4中4的次数为0,平均出现几率：0
图标4中5的次数为0,平均出现几率：0
图标7中1的次数为14,平均出现几率：0.028
图标7中2的次数为0,平均出现几率：0
图标7中3的次数为0,平均出现几率：0
图标7中4的次数为0,平均出现几率：0
图标7中5的次数为0,平均出现几率：0
图标5中2的次数为0,平均出现几率：0
图标5中3的次数为0,平均出现几率：0
图标5中4的次数为0,平均出现几率：0
图标5中5的次数为0,平均出现几率：0
图标5中1的次数为68,平均出现几率：0.136
图标6中2的次数为7,平均出现几率：0.014
图标6中3的次数为0,平均出现几率：0
图标6中4的次数为0,平均出现几率：0
图标6中5的次数为0,平均出现几率：0
图标6中1的次数为0,平均出现几率：0
开始时间：2020-11-25 02:25:42.847691 +0800 CST m=+0.001966195
结束时间：2020-11-25 02:25:42.852599 +0800 CST m=+0.006873481
scorebase：50
中奖线：50
总中奖线：500
总得分：162
每次平均得分：16.2
每条线平均得分：0.324
